UNITS=MM
#Layer_Physical_Order=3
#Layer_Color=16440176
#
#Feature symbol names
#
$0 r355.6
$1 r202.946

#
#Feature attribute names
#
@0 .geometry
@1 .pad_usage

#
#Feature attribute text strings
#

#
#Layer features
#
L 41.47439 25.28485418 42.08399 25.28485418 0 P 0
L 42.08399 25.28485418 42.69359 25.28485418 1 P 0
L 42.69359 25.28485418 42.70837534 27.95553464 1 P 0
L 42.70837534 27.95553464 44.1045981 33.10918956 1 P 0
L 43.048428 22.65894122 43.06321334 27.90881896 1 P 0
L 43.048428 22.65894122 44.39392442 17.58035854 1 P 0
L 43.06321334 27.90881896 44.4352553 32.97222768 1 P 0
L 43.403266 22.70565436 43.41805134 27.86210582 1 P 0
L 43.403266 22.70565436 44.72457908 17.71732042 1 P 0
L 43.41805134 27.86210582 44.7659125 32.8352658 1 P 0
L 43.758104 22.75237004 43.77288934 27.81539014 1 P 0
L 43.758104 22.75237004 45.05523628 17.8542823 1 P 0
L 43.77288934 27.81539014 45.09656716 32.69830392 1 P 0
L 44.1045981 33.10918956 46.78516424 37.72249758 1 P 0
L 44.112942 22.79908572 44.12772734 27.76867446 1 P 0
L 44.112942 22.79908572 45.38589348 17.99124672 1 P 0
L 44.12772734 27.76867446 45.42722436 32.5613395 1 P 0
L 44.39392442 17.58035854 47.0099517 13.01969456 1 P 0
L 44.4352553 32.97222768 47.06910576 37.50462146 1 P 0
L 44.46778 22.8458014 44.48256534 27.72195878 1 P 0
L 44.46778 22.8458014 45.71654814 18.1282086 1 P 0
L 44.48256534 27.72195878 45.75788156 32.42437762 1 P 0
L 44.72457908 17.71732042 47.29389322 13.23757068 1 P 0
L 44.7659125 32.8352658 47.35304728 37.28674534 1 P 0
L 44.822618 22.89251708 44.83740334 27.6752431 1 P 0
L 44.822618 22.89251708 46.04720534 18.26517048 1 P 0
L 44.83740334 27.6752431 46.08853622 32.28741574 1 P 0
L 45.05523628 17.8542823 47.57783474 13.45544426 1 P 0
L 45.09656716 32.69830392 47.6369888 37.06887176 1 P 0
L 45.177456 22.93923276 45.19224134 27.62852742 1 P 0
L 45.177456 22.93923276 46.37786254 18.40213236 1 P 0
L 45.19224134 27.62852742 46.41919342 32.15045386 1 P 0
L 45.38589348 17.99124672 47.86177626 13.67332038 1 P 0
L 45.42722436 32.5613395 47.92093032 36.85099564 1 P 0
L 45.532294 22.98594844 45.54707934 27.58181174 1 P 0
L 45.532294 22.98594844 46.7085172 18.53909424 1 P 0
L 45.54707934 27.58181174 46.74985062 32.01349198 1 P 0
L 45.71654814 18.1282086 48.14571524 13.8911965 1 P 0
L 45.75788156 32.42437762 48.20487184 36.63311952 1 P 0
L 45.887132 23.03266158 45.90191734 27.5350986 1 P 0
L 45.887132 23.03266158 47.0391744 18.67605866 1 P 0
L 45.90191734 27.5350986 47.08050528 31.8765301 1 P 0
L 46.04720534 18.26517048 48.42965676 14.10907262 1 P 0
L 46.08853622 32.28741574 48.48881082 36.4152434 1 P 0
L 46.24197 23.07937726 46.25675534 27.48838292 1 P 0
L 46.24197 23.07937726 47.3698316 18.81302054 1 P 0
L 46.25675534 27.48838292 47.41116248 31.73956568 1 P 0
L 46.37786254 18.40213236 48.71359828 14.32694874 1 P 0
L 46.41919342 32.15045386 48.77275234 36.19736728 1 P 0
L 46.596808 23.12609294 46.61159334 27.44166724 1 P 0
L 46.596808 23.12609294 47.70048626 18.94998242 1 P 0
L 46.61159334 27.44166724 47.74181968 31.6026038 1 P 0
L 46.7085172 18.53909424 48.9975398 14.54482232 1 P 0
L 46.74985062 32.01349198 49.05669386 35.97949116 1 P 0
L 46.78516424 37.72249758 50.56565198 41.48207604 1 P 0
L 46.951646 23.17280862 46.96643134 27.39495156 1 P 0
L 46.951646 23.17280862 48.03114346 19.0869443 1 P 0
L 46.96643134 27.39495156 48.07247434 31.46564192 1 P 0
L 47.0099517 13.01969456 50.71998238 9.2887546 1 P 0
L 47.0391744 18.67605866 49.28148132 14.76269844 1 P 0
L 47.06910576 37.50462146 50.7835281 41.19813452 1 P 0
L 47.08050528 31.8765301 49.34063538 35.76161758 1 P 0
L 47.29389322 13.23757068 50.93785596 9.57269612 1 P 0
L 47.306484 23.2195243 47.32126934 27.34823588 1 P 0
L 47.306484 23.2195243 48.36180066 19.22390618 1 P 0
L 47.32126934 27.34823588 48.40313154 31.32868004 1 P 0
L 47.35304728 37.28674534 51.00140422 40.914193 1 P 0
L 47.3698316 18.81302054 49.56542284 14.98057456 1 P 0
L 47.41116248 31.73956568 49.6245769 35.54374146 1 P 0
L 47.57783474 13.45544426 51.15573208 9.85663764 1 P 0
L 47.6369888 37.06887176 51.21928034 40.63025148 1 P 0
L 47.661322 23.26623998 47.67610734 27.3015202 1 P 0
L 47.661322 23.26623998 48.69245532 19.36086806 1 P 0
L 47.67610734 27.3015202 48.73378874 31.19171816 1 P 0
L 47.70048626 18.94998242 49.84936182 15.19845068 1 P 0
L 47.74181968 31.6026038 49.90851588 35.32586534 1 P 0
L 47.86177626 13.67332038 51.3736082 10.14057916 1 P 0
L 47.92093032 36.85099564 51.43715646 40.3463125 1 P 0
L 48.01616 23.31295566 48.03094534 27.25480452 1 P 0
L 48.01616 23.31295566 49.02311252 19.49783248 1 P 0
L 48.03094534 27.25480452 49.0644434 31.05475374 1 P 0
L 48.03114346 19.0869443 50.13330334 15.4163268 1 P 0
L 48.07247434 31.46564192 50.1924574 35.10798922 1 P 0
L 48.14571524 13.8911965 51.59148432 10.42452068 1 P 0
L 48.20487184 36.63311952 51.65503004 40.06237098 1 P 0
L 48.36180066 19.22390618 50.41724486 15.63420292 1 P 0
L 48.370998 23.3596688 48.38578334 27.20809138 1 P 0
L 48.370998 23.3596688 49.35376972 19.63479436 1 P 0
L 48.38578334 27.20809138 49.3951006 30.91779186 1 P 0
L 48.40313154 31.32868004 50.47639892 34.8901131 1 P 0
L 48.42965676 14.10907262 51.80936044 10.7084622 1 P 0
L 48.48881082 36.4152434 51.87290616 39.77842946 1 P 0
L 48.69245532 19.36086806 50.70118638 15.8520765 1 P 0
L 48.71359828 14.32694874 52.02723402 10.99240118 1 P 0
L 48.725836 23.40638448 48.74062134 27.1613757 1 P 0
L 48.725836 23.40638448 49.68442438 19.77175624 1 P 0
L 48.73378874 31.19171816 50.76034044 34.67223952 1 P 0
L 48.74062134 27.1613757 49.7257578 30.78082998 1 P 0
L 48.77275234 36.19736728 52.09078228 39.49448794 1 P 0
L 48.9975398 14.54482232 52.24511014 11.2763427 1 P 0
L 49.02311252 19.49783248 50.9851279 16.06995262 1 P 0
L 49.05669386 35.97949116 52.3086584 39.21054642 1 P 0
L 49.0644434 31.05475374 51.04428196 34.4543634 1 P 0
L 49.080674 23.45310016 49.09545934 27.11466002 1 P 0
L 49.080674 23.45310016 50.01508158 19.90871812 1 P 0
L 49.09545934 27.11466002 50.05641246 30.6438681 1 P 0
L 49.28148132 14.76269844 52.46298626 11.56028422 1 P 0
L 49.34063538 35.76161758 52.52653452 38.92660744 1 P 0
L 49.35376972 19.63479436 51.26906688 16.28782874 1 P 0
L 49.3951006 30.91779186 51.32822348 34.23648728 1 P 0
L 49.435512 23.49981584 49.45029734 27.06794434 1 P 0
L 49.435512 23.49981584 50.34573878 20.04568 1 P 0
L 49.45029734 27.06794434 50.38706966 30.50690622 1 P 0
L 49.56542284 14.98057456 52.68086238 11.84422574 1 P 0
L 49.6245769 35.54374146 52.7444081 38.64266592 1 P 0
L 49.68442438 19.77175624 51.5530084 16.50570486 1 P 0
L 49.7257578 30.78082998 51.61216246 34.01861116 1 P 0
L 49.79035 23.54653152 49.80513534 27.02122866 1 P 0
L 49.79035 23.54653152 50.67639344 20.18264442 1 P 0
L 49.80513534 27.02122866 50.71772686 30.3699418 1 P 0
L 49.84936182 15.19845068 52.8987385 12.12816726 1 P 0
L 49.90851588 35.32586534 52.96228422 38.3587244 1 P 0
L 50.01508158 19.90871812 51.83694992 16.72358098 1 P 0
L 50.05641246 30.6438681 51.89610398 33.80073504 1 P 0
L 50.13330334 15.4163268 53.11661462 12.41210624 1 P 0
L 50.145188 23.5932472 50.15997334 26.97451298 1 P 0
L 50.145188 23.5932472 51.00705064 20.3196063 1 P 0
L 50.15997334 26.97451298 51.04838406 30.23297992 1 P 0
L 50.1924574 35.10798922 53.18016034 38.07478288 1 P 0
L 50.34573878 20.04568 52.12089144 16.94145456 1 P 0
L 50.38706966 30.50690622 52.1800455 33.58286146 1 P 0
L 50.41724486 15.63420292 53.3344882 12.69604776 1 P 0
L 50.47639892 34.8901131 53.39803646 37.79084136 1 P 0
L 50.500026 23.63996288 50.51481134 26.92779984 1 P 0
L 50.500026 23.63996288 51.33770784 20.45656818 1 P 0
L 50.51481134 26.92779984 51.37903872 30.09601804 1 P 0
L 50.56565198 41.48207604 55.18700164 44.13314008 1 P 0
L 50.67639344 20.18264442 52.40483296 17.15933068 1 P 0
L 50.70118638 15.8520765 53.55236432 12.97998928 1 P 0
L 50.71772686 30.3699418 52.46398702 33.36498534 1 P 0
L 50.71998238 9.2887546 55.27260472 6.64322522 1 P 0
L 50.76034044 34.67223952 53.61591258 37.50689984 1 P 0
L 50.7835281 41.19813452 55.32396352 43.80248542 1 P 0
L 50.854864 23.68667602 50.86964934 26.88108416 1 P 0
L 50.854864 23.68667602 51.6683625 20.59353006 1 P 0
L 50.86964934 26.88108416 51.70969592 29.95905616 1 P 0
L 50.93785596 9.57269612 55.4095666 6.97388242 1 P 0
L 50.9851279 16.06995262 53.77024044 13.2639308 1 P 0
L 51.00140422 40.914193 55.46092794 43.47182822 1 P 0
L 51.00705064 20.3196063 52.68877448 17.3772068 1 P 0
L 51.04428196 34.4543634 53.8337887 37.22296086 1 P 0
L 51.04838406 30.23297992 52.74792854 33.14710922 1 P 0
L 51.15573208 9.85663764 55.54652848 7.30453962 1 P 0
L 51.209702 23.7333917 51.22448734 26.83436848 1 P 0
L 51.209702 23.7333917 51.9990197 20.73049194 1 P 0
L 51.21928034 40.63025148 55.59788982 43.14117102 1 P 0
L 51.22448734 26.83436848 52.04035312 29.82209428 1 P 0
L 51.26906688 16.28782874 53.98811656 13.54787232 1 P 0
L 51.32822348 34.23648728 54.05166228 36.93901934 1 P 0
L 51.33770784 20.45656818 52.97271346 17.59508292 1 P 0
L 51.3736082 10.14057916 55.68349036 7.63519428 1 P 0
L 51.37903872 30.09601804 53.03187006 32.9292331 1 P 0
L 51.43715646 40.3463125 55.7348517 42.81051636 1 P 0
L 51.5530084 16.50570486 54.20599268 13.83181384 1 P 0
L 51.56454 23.78010738 51.57932534 26.7876528 1 P 0
L 51.56454 23.78010738 52.3296769 20.86745636 1 P 0
L 51.57932534 26.7876528 52.37100778 29.6851324 1 P 0
L 51.59148432 10.42452068 55.82045224 7.96585148 1 P 0
L 51.61216246 34.01861116 54.2695384 36.65507782 1 P 0
L 51.65503004 40.06237098 55.87181358 42.47985916 1 P 0
L 51.6683625 20.59353006 53.25665498 17.81295904 1 P 0
L 51.70969592 29.95905616 53.31580904 32.71135698 1 P 0
L 51.80936044 10.7084622 55.95741666 8.29650868 1 P 0
L 51.83694992 16.72358098 54.42386626 14.11575282 1 P 0
L 51.87290616 39.77842946 56.00877546 42.14920196 1 P 0
L 51.89610398 33.80073504 54.48741452 36.3711363 1 P 0
L 51.919378 23.82682306 51.93416334 26.74093712 1 P 0
L 51.919378 23.82682306 52.66033156 21.00441824 1 P 0
L 51.93416334 26.74093712 52.70166498 29.54816798 1 P 0
L 51.9990197 20.73049194 53.5405965 18.03083262 1 P 0
L 52.02723402 10.99240118 56.09437854 8.62716334 1 P 0
L 52.04035312 29.82209428 53.59975056 32.49348086 1 P 0
L 52.09078228 39.49448794 56.14573988 41.8185473 1 P 0
L 52.12089144 16.94145456 54.64174238 14.39969434 1 P 0
L 52.1800455 33.58286146 54.70529064 36.08719478 1 P 0
L 52.24511014 11.2763427 56.23134042 8.95782054 1 P 0
L 52.274216 23.87353874 52.28900134 26.69422144 1 P 0
L 52.274216 23.87353874 52.99098876 21.14138012 1 P 0
L 52.28900134 26.69422144 53.03232218 29.4112061 1 P 0
L 52.3086584 39.21054642 56.28270176 41.4878901 1 P 0
L 52.3296769 20.86745636 53.82453802 18.24870874 1 P 0
L 52.37100778 29.6851324 53.88369208 32.27560728 1 P 0
L 52.40483296 17.15933068 54.8596185 14.68363586 1 P 0
L 52.46298626 11.56028422 56.3683023 9.28847774 1 P 0
L 52.46398702 33.36498534 54.92316676 35.8032558 1 P 0
L 52.52653452 38.92660744 56.41966364 41.1572329 1 P 0
L 52.629054 23.92025442 52.64383934 26.64750576 1 P 0
L 52.629054 23.92025442 53.32164596 21.278342 1 P 0
L 52.64383934 26.64750576 53.36297684 29.27424422 1 P 0
L 52.66033156 21.00441824 54.10847954 18.46658486 1 P 0
L 52.68086238 11.84422574 56.50526418 9.6191324 1 P 0
L 52.68877448 17.3772068 55.07749462 14.96757738 1 P 0
L 52.70166498 29.54816798 54.1676336 32.05773116 1 P 0
L 52.7444081 38.64266592 56.55662552 40.82657824 1 P 0
L 52.74792854 33.14710922 55.14104034 35.51931428 1 P 0
L 52.8987385 12.12816726 56.6422286 9.9497896 1 P 0
L 52.96228422 38.3587244 56.6935874 40.49592104 1 P 0
L 52.97271346 17.59508292 55.29537074 15.2515189 1 P 0
L 52.983892 23.96696756 52.99867734 26.60079262 1 P 0
L 52.983892 23.96696756 53.65230062 21.41530388 1 P 0
L 52.99098876 21.14138012 54.39241852 18.68446098 1 P 0
L 52.99867734 26.60079262 53.69363404 29.13728234 1 P 0
L 53.03187006 32.9292331 55.35891646 35.23537276 1 P 0
L 53.03232218 29.4112061 54.45157512 31.83985504 1 P 0
L 53.11661462 12.41210624 56.77919048 10.2804468 1 P 0
L 53.18016034 38.07478288 56.83055182 40.16526384 1 P 0
L 53.25665498 17.81295904 55.51324432 15.53545788 1 P 0
L 53.31580904 32.71135698 55.57679258 34.95143124 1 P 0
L 53.32164596 21.278342 54.67636004 18.9023371 1 P 0
L 53.3344882 12.69604776 56.91615236 10.61110146 1 P 0
L 53.33873 24.01368324 53.35351534 26.55407694 1 P 0
L 53.33873 24.01368324 53.98295782 21.55226576 1 P 0
L 53.35351534 26.55407694 54.02429124 29.00032046 1 P 0
L 53.36297684 29.27424422 54.7355141 31.62197892 1 P 0
L 53.39803646 37.79084136 56.9675137 39.83460918 1 P 0
L 53.5405965 18.03083262 55.73112044 15.8193994 1 P 0
L 53.55236432 12.97998928 57.05311424 10.94175866 1 P 0
L 53.59975056 32.49348086 55.7946687 34.66748972 1 P 0
L 53.61591258 37.50689984 57.10447558 39.50395198 1 P 0
L 53.65230062 21.41530388 54.96030156 19.12021322 1 P 0
L 53.693568 24.06039892 53.70835334 26.50736126 1 P 0
L 53.693568 24.06039892 54.31361502 21.68923018 1 P 0
L 53.69363404 29.13728234 55.01945562 31.4041028 1 P 0
L 53.70835334 26.50736126 54.3549459 28.86335604 1 P 0
L 53.77024044 13.2639308 57.19007612 11.27241586 1 P 0
L 53.82453802 18.24870874 55.94899656 16.10334092 1 P 0
L 53.8337887 37.22296086 57.24143746 39.17329478 1 P 0
L 53.88369208 32.27560728 56.01254482 34.3835482 1 P 0
L 53.98295782 21.55226576 55.24424308 19.3380868 1 P 0
L 53.98811656 13.54787232 57.327038 11.60307052 1 P 0
L 54.02429124 29.00032046 55.30339714 31.18622922 1 P 0
L 54.048406 24.1071146 54.06319134 26.46064558 1 P 0
L 54.048406 24.1071146 54.64426968 21.82619206 1 P 0
L 54.05166228 36.93901934 57.37839934 38.84264012 1 P 0
L 54.06319134 26.46064558 54.6856031 28.72639416 1 P 0
L 54.10847954 18.46658486 56.16687268 16.38728244 1 P 0
L 54.1676336 32.05773116 56.2304184 34.09960922 1 P 0
L 54.20599268 13.83181384 57.46400242 11.93372772 1 P 0
L 54.2695384 36.65507782 57.51536122 38.51198292 1 P 0
L 54.31361502 21.68923018 55.5281846 19.55596292 1 P 0
L 54.3549459 28.86335604 55.58733866 30.9683531 1 P 0
L 54.39241852 18.68446098 56.3847488 16.67122396 1 P 0
L 54.403244 24.15383028 54.41802934 26.4139299 1 P 0
L 54.403244 24.15383028 54.97492688 21.96315394 1 P 0
L 54.41802934 26.4139299 55.0162603 28.58943228 1 P 0
L 54.42386626 14.11575282 57.6009643 12.26438492 1 P 0
L 54.45157512 31.83985504 56.44829452 33.8156677 1 P 0
L 54.48741452 36.3711363 57.65232564 38.18132572 1 P 0
L 54.64174238 14.39969434 57.73792618 12.59503958 1 P 0
L 54.64426968 21.82619206 55.81212612 19.77383904 1 P 0
L 54.67636004 18.9023371 56.60262492 16.95516548 1 P 0
L 54.6856031 28.72639416 55.87128018 30.75047698 1 P 0
L 54.70529064 36.08719478 57.78928752 37.85067106 1 P 0
L 54.7355141 31.62197892 56.66617064 33.53172618 1 P 0
L 54.758082 24.20054596 54.77286734 26.36721422 1 P 0
L 54.758082 24.20054596 55.30558408 22.10011582 1 P 0
L 54.77286734 26.36721422 55.34691496 28.4524704 1 P 0
L 54.8596185 14.68363586 57.87488806 12.92569678 1 P 0
L 54.92316676 35.8032558 57.9262494 37.52001386 1 P 0
L 54.96030156 19.12021322 56.8204985 17.23910446 1 P 0
L 54.97492688 21.96315394 56.0960651 19.99171516 1 P 0
L 55.0162603 28.58943228 56.1552217 30.53260086 1 P 0
L 55.01945562 31.4041028 56.88404676 33.24778466 1 P 0
L 55.07749462 14.96757738 58.01184994 13.25635398 1 P 0
L 55.11292 24.24726164 55.12770534 26.32049854 1 P 0
L 55.11292 24.24726164 55.63623874 22.2370777 1 P 0
L 55.12770534 26.32049854 55.67757216 28.31550852 1 P 0
L 55.14104034 35.51931428 58.06321128 37.18935666 1 P 0
L 55.18700164 44.13314008 60.33327024 45.4967721 1 P 0
L 55.24424308 19.3380868 57.03837462 17.52304598 1 P 0
L 55.27260472 6.64322522 60.35857372 5.26513806 1 P 0
L 55.29537074 15.2515189 58.14881436 13.58700864 1 P 0
L 55.30339714 31.18622922 57.10192288 32.96384314 1 P 0
L 55.30558408 22.10011582 56.38000662 20.20959128 1 P 0
L 55.32396352 43.80248542 60.37998338 45.1419341 1 P 0
L 55.34691496 28.4524704 56.43916068 30.31472474 1 P 0
L 55.35891646 35.23537276 58.20017316 36.858702 1 P 0
L 55.4095666 6.97388242 60.4052894 5.61997606 1 P 0
L 55.46092794 43.47182822 60.42669906 44.7870961 1 P 0
L 55.467758 24.29397478 55.48254334 25.28485418 1 P 0
L 55.467758 24.29397478 55.96689594 22.37404212 1 P 0
L 55.48254334 25.28485418 56.05305782 25.28485418 1 P 0
L 55.51324432 15.53545788 58.28577624 13.91766584 1 P 0
L 55.5281846 19.55596292 57.25625074 17.8069875 1 P 0
L 55.54652848 7.30453962 60.45200508 5.97481406 1 P 0
L 55.57679258 34.95143124 58.33713758 36.5280448 1 P 0
L 55.58733866 30.9683531 57.31979646 32.67990416 1 P 0
L 55.59788982 43.14117102 60.47341474 44.4322581 1 P 0
L 55.63623874 22.2370777 56.66394814 20.42746486 1 P 0
L 55.67757216 28.31550852 56.7231022 30.09685116 1 P 0
L 55.68349036 7.63519428 60.49871822 6.32965206 1 P 0
L 55.73112044 15.8193994 58.42273812 14.24832304 1 P 0
L 55.7348517 42.81051636 60.52013042 44.0774201 1 P 0
L 55.7946687 34.66748972 58.47409946 36.1973876 1 P 0
L 55.81212612 19.77383904 57.47412686 18.09092902 1 P 0
L 55.82045224 7.96585148 60.5454339 6.68449006 1 P 0
L 55.87128018 30.75047698 57.53767258 32.39596264 1 P 0
L 55.87181358 42.47985916 60.5668461 43.7225821 1 P 0
L 55.94899656 16.10334092 58.5597 14.5789777 1 P 0
L 55.95741666 8.29650868 60.59214958 7.03932806 1 P 0
L 55.96689594 22.37404212 56.94788966 20.64534098 1 P 0
L 56.00877546 42.14920196 60.61356178 43.3677441 1 P 0
L 56.01254482 34.3835482 58.61106134 35.86673294 1 P 0
L 56.05305782 25.28485418 56.6235723 24.52285418 0 P 0
L 56.09437854 8.62716334 60.63886526 7.39416606 1 P 0
L 56.0960651 19.99171516 57.69200298 18.37487054 1 P 0
L 56.14573988 41.8185473 60.66027746 43.0129061 1 P 0
L 56.1552217 30.53260086 57.7555487 32.11202112 1 P 0
L 56.16687268 16.38728244 58.69666188 14.9096349 1 P 0
L 56.2304184 34.09960922 58.74802322 35.53607574 1 P 0
L 56.23134042 8.95782054 60.68558094 7.74900406 1 P 0
L 56.28270176 41.4878901 60.7069906 42.6580681 1 P 0
L 56.3683023 9.28847774 60.73229662 8.10384206 1 P 0
L 56.38000662 20.20959128 57.90987656 18.65881206 1 P 0
L 56.3847488 16.67122396 58.8336263 15.2402921 1 P 0
L 56.41966364 41.1572329 60.75370628 42.3032301 1 P 0
L 56.43916068 30.31472474 57.97342482 31.8280796 1 P 0
L 56.44829452 33.8156677 58.8849851 35.20541854 1 P 0
L 56.50526418 9.6191324 60.7790123 8.45868006 1 P 0
L 56.55662552 40.82657824 60.80042196 41.9483921 1 P 0
L 56.60262492 16.95516548 58.97058818 15.57094676 1 P 0
L 56.6422286 9.9497896 60.82572544 8.81351806 1 P 0
L 56.66394814 20.42746486 58.12775268 18.94275104 1 P 0
L 56.66617064 33.53172618 59.02194952 34.87476388 1 P 0
L 56.6935874 40.49592104 60.84713764 41.5935541 1 P 0
L 56.7231022 30.09685116 58.19130094 31.54413808 1 P 0
L 56.77919048 10.2804468 60.87244112 9.16835606 1 P 0
L 56.8204985 17.23910446 59.10755006 15.90160396 1 P 0
L 56.83055182 40.16526384 60.89385332 41.2387161 1 P 0
L 56.88404676 33.24778466 59.1589114 34.54410668 1 P 0
L 56.91615236 10.61110146 60.9191568 9.52319406 1 P 0
L 56.94788966 20.64534098 58.3456288 19.22669256 1 P 0
L 56.9675137 39.83460918 60.940569 40.8838781 1 P 0
L 57.03837462 17.52304598 59.24451194 16.23226116 1 P 0
L 57.05311424 10.94175866 60.96587248 9.87803206 1 P 0
L 57.10192288 32.96384314 59.29587328 34.21344948 1 P 0
L 57.10447558 39.50395198 60.98728468 40.5290401 1 P 0
L 57.19007612 11.27241586 61.01258816 10.23287006 1 P 0
L 57.24143746 39.17329478 61.03399782 40.1742021 1 P 0
L 57.25625074 17.8069875 59.38147382 16.56291582 1 P 0
L 57.31979646 32.67990416 59.43283516 33.88279482 1 P 0
L 57.327038 11.60307052 61.05930384 10.58770806 1 P 0
L 57.37839934 38.84264012 61.0807135 39.8193641 1 P 0
L 57.46400242 11.93372772 61.10601698 10.94254606 1 P 0
L 57.47412686 18.09092902 59.5184357 16.89357302 1 P 0
L 57.51536122 38.51198292 61.12742918 39.4645261 1 P 0
L 57.53767258 32.39596264 59.56979704 33.55213762 1 P 0
L 57.6009643 12.26438492 61.15273266 11.29738406 1 P 0
L 57.65232564 38.18132572 61.17414486 39.1096881 1 P 0
L 57.69200298 18.37487054 59.65540012 17.22423022 1 P 0
L 57.73792618 12.59503958 61.19944834 11.65222206 1 P 0
L 57.7555487 32.11202112 59.70675892 33.22148042 1 P 0
L 57.78928752 37.85067106 61.22086054 38.7548501 1 P 0
L 57.87488806 12.92569678 61.24616402 12.00706006 1 P 0
L 57.90987656 18.65881206 59.792362 17.55488488 1 P 0
L 57.9262494 37.52001386 61.26757622 38.4000121 1 P 0
L 57.97342482 31.8280796 59.84372334 32.89082576 1 P 0
L 58.01184994 13.25635398 61.2928797 12.36189806 1 P 0
L 58.06321128 37.18935666 61.3142919 38.0451741 1 P 0
L 58.12775268 18.94275104 59.92932388 17.88554208 1 P 0
L 58.14881436 13.58700864 61.33959538 12.71673606 1 P 0
L 58.19130094 31.54413808 59.98068522 32.56016856 1 P 0
L 58.20017316 36.858702 61.36100504 37.6903361 1 P 0
L 58.28577624 13.91766584 61.38631106 13.07157406 1 P 0
L 58.33713758 36.5280448 61.40772072 37.3354981 1 P 0
L 58.3456288 19.22669256 60.06628576 18.21619928 1 P 0
L 58.42273812 14.24832304 61.4330242 13.42641206 1 P 0
L 58.47409946 36.1973876 61.4544364 36.9806601 1 P 0
L 58.5597 14.5789777 61.47973988 13.78125006 1 P 0
L 58.61106134 35.86673294 61.50115208 36.6258221 1 P 0
L 58.69666188 14.9096349 61.52645556 14.13608806 1 P 0
L 58.74802322 35.53607574 61.54786776 36.2709841 1 P 0
L 58.8336263 15.2402921 61.57317124 14.49092606 1 P 0
L 58.8849851 35.20541854 61.59458344 35.9161461 1 P 0
L 58.97058818 15.57094676 61.61988692 14.84576406 1 P 0
L 59.02194952 34.87476388 61.64129658 35.5613081 1 P 0
L 59.10755006 15.90160396 61.6666026 15.20060206 1 P 0
L 59.1589114 34.54410668 61.68801226 35.2064701 1 P 0
L 59.24451194 16.23226116 61.71331828 15.55544006 1 P 0
L 59.29587328 34.21344948 61.73472794 34.8516321 1 P 0
L 59.38147382 16.56291582 61.76003142 15.91027806 1 P 0
L 59.43283516 33.88279482 61.78144362 34.4967941 1 P 0
L 59.5184357 16.89357302 61.8067471 16.26511606 1 P 0
L 59.56979704 33.55213762 61.8281593 34.1419561 1 P 0
L 59.65540012 17.22423022 61.85346278 16.61995406 1 P 0
L 59.70675892 33.22148042 61.87487498 33.7871181 1 P 0
L 59.792362 17.55488488 61.90017846 16.97479206 1 P 0
L 59.84372334 32.89082576 61.92159066 33.4322801 1 P 0
L 59.92932388 17.88554208 61.94689414 17.32963006 1 P 0
L 59.98068522 32.56016856 61.9683038 33.0774421 1 P 0
L 60.06628576 18.21619928 61.99360982 17.68446806 1 P 0
L 60.33327024 45.4967721 65.6532215 45.48198676 1 P 0
L 60.35857372 5.26513806 65.63181184 5.25035272 1 P 0
L 60.37998338 45.1419341 65.60650582 45.12714876 1 P 0
L 60.4052894 5.61997606 65.58509616 5.60519072 1 P 0
L 60.42669906 44.7870961 65.55979268 44.77231076 1 P 0
L 60.45200508 5.97481406 65.53838048 5.96002872 1 P 0
L 60.47341474 44.4322581 65.513077 44.41747276 1 P 0
L 60.49871822 6.32965206 65.4916648 6.31486672 1 P 0
L 60.52013042 44.0774201 65.46636132 44.06263476 1 P 0
L 60.5454339 6.68449006 65.44494912 6.66970472 1 P 0
L 60.5668461 43.7225821 65.41964564 43.70779676 1 P 0
L 60.59214958 7.03932806 65.39823344 7.02454272 1 P 0
L 60.61356178 43.3677441 65.37292996 43.35295876 1 P 0
L 60.63886526 7.39416606 65.35151776 7.37938072 1 P 0
L 60.66027746 43.0129061 65.32621428 42.99812076 1 P 0
L 60.68558094 7.74900406 65.30480462 7.73421872 1 P 0
L 60.7069906 42.6580681 65.2794986 42.64328276 1 P 0
L 60.73229662 8.10384206 65.25808894 8.08905672 1 P 0
L 60.75370628 42.3032301 65.23278546 42.28844476 1 P 0
L 60.7790123 8.45868006 65.21137326 8.44389472 1 P 0
L 60.80042196 41.9483921 65.18606978 41.93360676 1 P 0
L 60.82572544 8.81351806 65.16465758 8.79873272 1 P 0
L 60.84713764 41.5935541 65.1393541 41.57876876 1 P 0
L 60.87244112 9.16835606 65.1179419 9.15357072 1 P 0
L 60.89385332 41.2387161 65.09263842 41.22393076 1 P 0
L 60.9191568 9.52319406 65.07122622 9.50840872 1 P 0
L 60.940569 40.8838781 65.04592274 40.86909276 1 P 0
L 60.96587248 9.87803206 65.02451308 9.86324672 1 P 0
L 60.98728468 40.5290401 64.99920706 40.51425476 1 P 0
L 61.01258816 10.23287006 64.9777974 10.21808472 1 P 0
L 61.03399782 40.1742021 64.95249138 40.15941676 1 P 0
L 61.05930384 10.58770806 64.93108172 10.57292272 1 P 0
L 61.0807135 39.8193641 64.90577824 39.80457876 1 P 0
L 61.10601698 10.94254606 64.88436604 10.92776072 1 P 0
L 61.12742918 39.4645261 64.85906256 39.44974076 1 P 0
L 61.15273266 11.29738406 64.83765036 11.28259872 1 P 0
L 61.17414486 39.1096881 64.81234688 39.09490276 1 P 0
L 61.19944834 11.65222206 64.79093468 11.63743672 1 P 0
L 61.22086054 38.7548501 64.7656312 38.74006476 1 P 0
L 61.24616402 12.00706006 64.744219 11.99227472 1 P 0
L 61.26757622 38.4000121 64.71891552 38.38522676 1 P 0
L 61.2928797 12.36189806 64.69750586 12.34711272 1 P 0
L 61.3142919 38.0451741 64.67219984 38.03038876 1 P 0
L 61.33959538 12.71673606 64.65079018 12.70195072 1 P 0
L 61.36100504 37.6903361 64.62548416 37.67555076 1 P 0
L 61.38631106 13.07157406 64.6040745 13.05678872 1 P 0
L 61.40772072 37.3354981 64.57877102 37.32071276 1 P 0
L 61.4330242 13.42641206 64.55735882 13.41162672 1 P 0
L 61.4544364 36.9806601 64.53205534 36.96587476 1 P 0
L 61.47973988 13.78125006 64.51064314 13.76646472 1 P 0
L 61.50115208 36.6258221 64.48533966 36.61103676 1 P 0
L 61.52645556 14.13608806 64.46392746 14.12130272 1 P 0
L 61.54786776 36.2709841 64.43862398 36.25619876 1 P 0
L 61.57317124 14.49092606 64.41721178 14.47614072 1 P 0
L 61.59458344 35.9161461 64.3919083 35.90136076 1 P 0
L 61.61988692 14.84576406 64.37049864 14.83097872 1 P 0
L 61.64129658 35.5613081 64.34519262 35.54652276 1 P 0
L 61.6666026 15.20060206 64.32378296 15.18581672 1 P 0
L 61.68801226 35.2064701 64.29847694 35.19168476 1 P 0
L 61.71331828 15.55544006 64.27706728 15.54065472 1 P 0
L 61.73472794 34.8516321 64.2517638 34.83684676 1 P 0
L 61.76003142 15.91027806 64.2303516 15.89549272 1 P 0
L 61.78144362 34.4967941 64.20504812 34.48200876 1 P 0
L 61.8067471 16.26511606 64.18363592 16.25033072 1 P 0
L 61.8281593 34.1419561 64.15833244 34.12717076 1 P 0
L 61.85346278 16.61995406 64.13692024 16.60516872 1 P 0
L 61.87487498 33.7871181 64.11161676 33.77233276 1 P 0
L 61.90017846 16.97479206 64.09020456 16.96000672 1 P 0
L 61.92159066 33.4322801 64.06490108 33.41749476 1 P 0
L 61.94689414 17.32963006 64.04349142 17.31484472 1 P 0
L 61.9683038 33.0774421 64.0181854 33.06265676 1 P 0
L 61.99360982 17.68446806 63.99677574 17.66968272 1 P 0
L 63.99677574 17.66968272 65.93927122 18.17486586 1 P 0
L 64.0181854 33.06265676 65.99063256 32.51883514 1 P 0
L 64.04349142 17.31484472 66.0762331 17.8442112 1 P 0
L 64.06490108 33.41749476 66.12759444 32.84949234 1 P 0
L 64.09020456 16.96000672 66.21319752 17.513554 1 P 0
L 64.11161676 33.77233276 66.26455632 33.18014954 1 P 0
L 64.13692024 16.60516872 66.3501594 17.1828968 1 P 0
L 64.15833244 34.12717076 66.40152074 33.5108042 1 P 0
L 64.18363592 16.25033072 66.48712128 16.85224214 1 P 0
L 64.20504812 34.48200876 66.53848262 33.8414614 1 P 0
L 64.2303516 15.89549272 66.62408316 16.52158494 1 P 0
L 64.2517638 34.83684676 66.6754445 34.1721186 1 P 0
L 64.27706728 15.54065472 66.76104504 16.19092774 1 P 0
L 64.29847694 35.19168476 66.81240638 34.50277326 1 P 0
L 64.32378296 15.18581672 66.89800946 15.86027308 1 P 0
L 64.34519262 35.54652276 66.94936826 34.83343046 1 P 0
L 64.37049864 14.83097872 67.03497134 15.52961588 1 P 0
L 64.3919083 35.90136076 67.08633268 35.16408766 1 P 0
L 64.41721178 14.47614072 67.17193322 15.19895868 1 P 0
L 64.43862398 36.25619876 67.22329456 35.49474232 1 P 0
L 64.46392746 14.12130272 67.3088951 14.86830402 1 P 0
L 64.48533966 36.61103676 67.36025644 35.82539952 1 P 0
L 64.51064314 13.76646472 67.44585698 14.53764682 1 P 0
L 64.53205534 36.96587476 67.49721832 36.15605672 1 P 0
L 64.55735882 13.41162672 67.58281886 14.20698962 1 P 0
L 64.57877102 37.32071276 67.6341802 36.48671138 1 P 0
L 64.6040745 13.05678872 67.71978328 13.87633496 1 P 0
L 64.62548416 37.67555076 67.77114208 36.81736858 1 P 0
L 64.65079018 12.70195072 67.85674516 13.54567776 1 P 0
L 64.67219984 38.03038876 67.9081065 37.14802578 1 P 0
L 64.69750586 12.34711272 67.99370704 13.21502056 1 P 0
L 64.71891552 38.38522676 68.04506838 37.47868044 1 P 0
L 64.744219 11.99227472 68.13066892 12.8843659 1 P 0
L 64.7656312 38.74006476 68.18203026 37.80933764 1 P 0
L 64.79093468 11.63743672 68.2676308 12.5537087 1 P 0
L 64.81234688 39.09490276 68.31899214 38.13999484 1 P 0
L 64.83765036 11.28259872 68.40459522 12.2230515 1 P 0
L 64.85906256 39.44974076 68.45595402 38.47065204 1 P 0
L 64.88436604 10.92776072 68.5415571 11.89239684 1 P 0
L 64.90577824 39.80457876 68.59291844 38.8013067 1 P 0
L 64.93108172 10.57292272 68.67851898 11.56173964 1 P 0
L 64.95249138 40.15941676 68.72988032 39.1319639 1 P 0
L 64.9777974 10.21808472 68.81548086 11.23108244 1 P 0
L 64.99920706 40.51425476 68.8668422 39.4626211 1 P 0
L 65.02451308 9.86324672 68.95244274 10.90042778 1 P 0
L 65.04592274 40.86909276 69.00380408 39.79327576 1 P 0
L 65.07122622 9.50840872 69.08940462 10.56977058 1 P 0
L 65.09263842 41.22393076 69.14076596 40.12393296 1 P 0
L 65.1179419 9.15357072 69.22636904 10.23911338 1 P 0
L 65.1393541 41.57876876 69.27772784 40.45459016 1 P 0
L 65.16465758 8.79873272 69.36333092 9.90845618 1 P 0
L 65.18606978 41.93360676 69.41469226 40.78524482 1 P 0
L 65.21137326 8.44389472 69.5002928 9.57780152 1 P 0
L 65.23278546 42.28844476 69.55165414 41.11590202 1 P 0
L 65.25808894 8.08905672 69.63725468 9.24714432 1 P 0
L 65.2794986 42.64328276 69.68861602 41.44655922 1 P 0
L 65.30480462 7.73421872 69.77421656 8.91648712 1 P 0
L 65.32621428 42.99812076 69.8255779 41.77721388 1 P 0
L 65.35151776 7.37938072 69.91118098 8.58583246 1 P 0
L 65.37292996 43.35295876 69.96253978 42.10787108 1 P 0
L 65.39823344 7.02454272 70.04814286 8.25517526 1 P 0
L 65.41964564 43.70779676 70.0995042 42.43852828 1 P 0
L 65.44494912 6.66970472 70.18510474 7.92451806 1 P 0
L 65.46636132 44.06263476 70.23646608 42.76918294 1 P 0
L 65.4916648 6.31486672 70.32206662 7.5938634 1 P 0
L 65.513077 44.41747276 70.37342796 43.09984014 1 P 0
L 65.53838048 5.96002872 70.4590285 7.2632062 1 P 0
L 65.55979268 44.77231076 70.51038984 43.43049734 1 P 0
L 65.58509616 5.60519072 70.59599292 6.932549 1 P 0
L 65.60650582 45.12714876 70.64735172 43.761152 1 P 0
L 65.63181184 5.25035272 70.7329548 6.60189434 1 P 0
L 65.6532215 45.48198676 70.78431614 44.0918092 1 P 0
L 65.93927122 18.17486586 67.68819838 19.1675385 1 P 0
L 65.99063256 32.51883514 67.75174664 31.48498402 1 P 0
L 66.0762331 17.8442112 67.9060745 18.88359698 1 P 0
L 66.12759444 32.84949234 67.96962276 31.76892554 1 P 0
L 66.21319752 17.513554 68.12395062 18.59965546 1 P 0
L 66.26455632 33.18014954 68.18749888 32.05286706 1 P 0
L 66.3501594 17.1828968 68.34182674 18.31571648 1 P 0
L 66.40152074 33.5108042 68.40537246 32.33680858 1 P 0
L 66.48712128 16.85224214 68.55970286 18.03177496 1 P 0
L 66.53848262 33.8414614 68.62324858 32.62074756 1 P 0
L 66.62408316 16.52158494 68.77757898 17.74783344 1 P 0
L 66.6754445 34.1721186 68.8411247 32.90468908 1 P 0
L 66.76104504 16.19092774 68.99545256 17.46389192 1 P 0
L 66.81240638 34.50277326 69.05900082 33.1886306 1 P 0
L 66.89800946 15.86027308 69.21332868 17.1799504 1 P 0
L 66.94936826 34.83343046 69.27687694 33.47257212 1 P 0
L 67.03497134 15.52961588 69.4312048 16.89600888 1 P 0
L 67.08633268 35.16408766 69.49475052 33.75651364 1 P 0
L 67.17193322 15.19895868 69.64908092 16.6120699 1 P 0
L 67.22329456 35.49474232 69.71262664 34.04045262 1 P 0
L 67.3088951 14.86830402 69.86695704 16.32812838 1 P 0
L 67.36025644 35.82539952 69.93050276 34.32439414 1 P 0
L 67.44585698 14.53764682 70.08483062 16.04418686 1 P 0
L 67.49721832 36.15605672 70.14837888 34.60833566 1 P 0
L 67.58281886 14.20698962 70.30270674 15.76024534 1 P 0
L 67.6341802 36.48671138 70.366255 34.89227718 1 P 0
L 67.68819838 19.1675385 69.12336442 20.58179526 1 P 0
L 67.71978328 13.87633496 70.52058286 15.47630382 1 P 0
L 67.75174664 31.48498402 69.18251848 30.0333029 1 P 0
L 67.77114208 36.81736858 70.58413112 35.1762187 1 P 0
L 67.85674516 13.54567776 70.73845898 15.19236484 1 P 0
L 67.9060745 18.88359698 69.40730594 20.36391914 1 P 0
L 67.9081065 37.14802578 70.8020047 35.46016022 1 P 0
L 67.96962276 31.76892554 69.46646 30.25117902 1 P 0
L 67.99370704 13.21502056 70.9563351 14.90842332 1 P 0
L 68.04506838 37.47868044 71.01988082 35.7440992 1 P 0
L 68.12395062 18.59965546 69.69124746 20.14604302 1 P 0
L 68.13066892 12.8843659 71.17420868 14.6244818 1 P 0
L 68.18203026 37.80933764 71.23775694 36.02804072 1 P 0
L 68.18749888 32.05286706 69.75040152 30.46905514 1 P 0
L 68.2676308 12.5537087 71.3920848 14.34054028 1 P 0
L 68.31899214 38.13999484 71.45563306 36.31198224 1 P 0
L 68.34182674 18.31571648 69.97518898 19.9281669 1 P 0
L 68.40459522 12.2230515 71.60996092 14.05659876 1 P 0
L 68.40537246 32.33680858 70.03434304 30.68692872 1 P 0
L 68.45595402 38.47065204 71.67350918 36.59592376 1 P 0
L 68.5415571 11.89239684 71.82783704 13.77265724 1 P 0
L 68.55970286 18.03177496 70.25912796 19.71029078 1 P 0
L 68.59291844 38.8013067 71.89138276 36.87986528 1 P 0
L 68.62324858 32.62074756 70.31828202 30.90480484 1 P 0
L 68.67851898 11.56173964 72.04571316 13.48871826 1 P 0
L 68.72988032 39.1319639 72.10925888 37.1638068 1 P 0
L 68.77757898 17.74783344 70.54306948 19.4924172 1 P 0
L 68.81548086 11.23108244 72.26358928 13.20477674 1 P 0
L 68.8411247 32.90468908 70.60222354 31.12268096 1 P 0
L 68.8668422 39.4626211 72.327135 37.44774578 1 P 0
L 68.95244274 10.90042778 72.48146286 12.92083522 1 P 0
L 68.99545256 17.46389192 70.827011 19.27454108 1 P 0
L 69.00380408 39.79327576 72.54501112 37.7316873 1 P 0
L 69.05900082 33.1886306 70.88616506 31.34055708 1 P 0
L 69.08940462 10.56977058 72.69933898 12.6368937 1 P 0
L 69.12336442 20.58179526 70.14553662 22.32268078 1 P 0
L 69.14076596 40.12393296 72.76288724 38.01562882 1 P 0
L 69.18251848 30.0333029 70.18687004 28.26414718 1 P 0
L 69.21332868 17.1799504 71.11095252 19.05666496 1 P 0
L 69.22636904 10.23911338 72.9172151 12.35295218 1 P 0
L 69.27687694 33.47257212 71.17010658 31.5584332 1 P 0
L 69.27772784 40.45459016 72.98076082 38.29957034 1 P 0
L 69.36333092 9.90845618 73.13509122 12.0690132 1 P 0
L 69.40730594 20.36391914 70.47619382 22.1857189 1 P 0
L 69.41469226 40.78524482 73.19863694 38.58351186 1 P 0
L 69.4312048 16.89600888 71.39489404 18.83878884 1 P 0
L 69.46646 30.25117902 70.5175247 28.40110906 1 P 0
L 69.49475052 33.75651364 71.4540481 31.77630932 1 P 0
L 69.5002928 9.57780152 73.35296734 11.78507168 1 P 0
L 69.55165414 41.11590202 73.41651306 38.86745084 1 P 0
L 69.63725468 9.24714432 73.57084092 11.50113016 1 P 0
L 69.64908092 16.6120699 71.67883302 18.62091272 1 P 0
L 69.68861602 41.44655922 73.63438918 39.15139236 1 P 0
L 69.69124746 20.14604302 70.80685102 22.04875448 1 P 0
L 69.71262664 34.04045262 71.73798962 31.9941829 1 P 0
L 69.75040152 30.46905514 70.8481819 28.53807094 1 P 0
L 69.77421656 8.91648712 73.78871704 11.21718864 1 P 0
L 69.8255779 41.77721388 73.8522653 39.43533388 1 P 0
L 69.86695704 16.32812838 71.96277454 18.40303914 1 P 0
L 69.91118098 8.58583246 74.00659316 10.93324712 1 P 0
L 69.93050276 34.32439414 72.0219286 32.21205902 1 P 0
L 69.96253978 42.10787108 74.07014142 39.7192754 1 P 0
L 69.97518898 19.9281669 71.13750568 21.9117926 1 P 0
L 70.03434304 30.68692872 71.1788391 28.67503282 1 P 0
L 70.04814286 8.25517526 74.22446928 10.6493056 1 P 0
L 70.08483062 16.04418686 72.24671606 18.18516302 1 P 0
L 70.0995042 42.43852828 74.288015 40.00321692 1 P 0
L 70.14553662 22.32268078 70.68331304 24.27256512 1 P 0
L 70.14837888 34.60833566 72.30587012 32.42993514 1 P 0
L 70.18510474 7.92451806 74.4423454 10.36536662 1 P 0
L 70.18687004 28.26414718 70.69809838 26.29908888 1 P 0
L 70.23646608 42.76918294 74.50589112 40.28715844 1 P 0
L 70.25912796 19.71029078 71.46816288 21.77483072 1 P 0
L 70.30270674 15.76024534 72.53065758 17.9672869 1 P 0
L 70.31828202 30.90480484 71.5094963 28.81199724 1 P 0
L 70.32206662 7.5938634 74.66021898 10.0814251 1 P 0
L 70.366255 34.89227718 72.58981164 32.64781126 1 P 0
L 70.37342796 43.09984014 74.72376724 40.57109742 1 P 0
L 70.4590285 7.2632062 74.8780951 9.79748358 1 P 0
L 70.47619382 22.1857189 71.03815104 24.22584944 1 P 0
L 70.51038984 43.43049734 74.94164336 40.85503894 1 P 0
L 70.5175247 28.40110906 71.05293638 26.34580456 1 P 0
L 70.52058286 15.47630382 72.8145991 17.74941078 1 P 0
L 70.54306948 19.4924172 71.79882008 21.63786884 1 P 0
L 70.58413112 35.1762187 72.87375316 32.86568738 1 P 0
L 70.59599292 6.932549 75.09597122 9.51354206 1 P 0
L 70.60222354 31.12268096 71.84015096 28.94895912 1 P 0
L 70.64735172 43.761152 75.15951948 41.13898046 1 P 0
L 70.68331304 24.27256512 70.69809838 26.29908888 1 P 0
L 70.7329548 6.60189434 75.31384734 9.22960054 1 P 0
L 70.73845898 15.19236484 73.09854062 17.53153466 1 P 0
L 70.78431614 44.0918092 75.37739306 41.42292198 1 P 0
L 70.8020047 35.46016022 73.15769468 33.08356096 1 P 0
L 70.80685102 22.04875448 71.39298904 24.17913376 1 P 0
L 70.827011 19.27454108 72.12947474 21.50090696 1 P 0
L 70.8481819 28.53807094 71.40777438 26.39252024 1 P 0
L 70.88616506 31.34055708 72.17080816 29.085921 1 P 0
L 70.9563351 14.90842332 73.3824796 17.31366108 1 P 0
L 71.01988082 35.7440992 73.44163366 33.30143708 1 P 0
L 71.03815104 24.22584944 71.05293638 26.34580456 1 P 0
L 71.11095252 19.05666496 72.46013194 21.36394254 1 P 0
L 71.13750568 21.9117926 71.74782704 24.13241808 1 P 0
L 71.17010658 31.5584332 72.50146536 29.22288288 1 P 0
L 71.17420868 14.6244818 73.66642112 17.09578496 1 P 0
L 71.1788391 28.67503282 71.76261238 26.43923338 1 P 0
L 71.23775694 36.02804072 73.72557518 33.5193132 1 P 0
L 71.3920848 14.34054028 73.95036264 16.87790884 1 P 0
L 71.39298904 24.17913376 71.40777438 26.39252024 1 P 0
L 71.39489404 18.83878884 72.79078914 21.22698066 1 P 0
L 71.4540481 31.77630932 72.83212002 29.35984476 1 P 0
L 71.45563306 36.31198224 74.0095167 33.73718932 1 P 0
L 71.46816288 21.77483072 72.10266504 24.0857024 1 P 0
L 71.5094963 28.81199724 72.11745038 26.48594906 1 P 0
L 71.60996092 14.05659876 74.23430416 16.66003272 1 P 0
L 71.67350918 36.59592376 74.29345822 33.95506544 1 P 0
L 71.67883302 18.62091272 73.1214438 21.09001878 1 P 0
L 71.73798962 31.9941829 73.16277722 29.49680918 1 P 0
L 71.74782704 24.13241808 71.76261238 26.43923338 1 P 0
L 71.79882008 21.63786884 72.45750304 24.03898926 1 P 0
L 71.82783704 13.77265724 74.51824568 16.4421566 1 P 0
L 71.84015096 28.94895912 72.47228838 26.53266474 1 P 0
L 71.89138276 36.87986528 74.57739974 34.17293902 1 P 0
L 71.96277454 18.40303914 73.452101 20.9530569 1 P 0
L 72.0219286 32.21205902 73.49343442 29.63377106 1 P 0
L 72.04571316 13.48871826 74.80218466 16.22428048 1 P 0
L 72.10266504 24.0857024 72.11745038 26.48594906 1 P 0
L 72.10925888 37.1638068 74.86134126 34.39081514 1 P 0
L 72.12947474 21.50090696 72.81234104 23.99227358 1 P 0
L 72.17080816 29.085921 72.82712638 26.57938042 1 P 0
L 72.24671606 18.18516302 73.7827582 20.81609502 1 P 0
L 72.26358928 13.20477674 75.08612618 16.0064069 1 P 0
L 72.30587012 32.42993514 73.82408908 29.77073294 1 P 0
L 72.327135 37.44774578 75.14528024 34.60869126 1 P 0
L 72.45750304 24.03898926 72.47228838 26.53266474 1 P 0
L 72.46013194 21.36394254 73.16717904 23.9455579 1 P 0
L 72.48146286 12.92083522 75.3700677 15.78853078 1 P 0
L 72.50146536 29.22288288 73.18196438 26.6260961 1 P 0
L 72.53065758 17.9672869 74.11341286 20.67913314 1 P 0
L 72.54501112 37.7316873 75.42922176 34.82656738 1 P 0
L 72.58981164 32.64781126 74.15474628 29.90769482 1 P 0
L 72.69933898 12.6368937 75.65400922 15.57065466 1 P 0
L 72.76288724 38.01562882 75.71316328 35.0444435 1 P 0
L 72.79078914 21.22698066 73.52201704 23.89884222 1 P 0
L 72.81234104 23.99227358 72.82712638 26.57938042 1 P 0
L 72.8145991 17.74941078 74.44407006 20.54216872 1 P 0
L 72.83212002 29.35984476 73.53680238 26.67281178 1 P 0
L 72.87375316 32.86568738 74.48540348 30.0446567 1 P 0
L 72.9172151 12.35295218 75.93795074 15.35277854 1 P 0
L 72.98076082 38.29957034 75.9971048 35.26231962 1 P 0
L 73.09854062 17.53153466 74.77472726 20.40520684 1 P 0
L 73.1214438 21.09001878 73.87685504 23.85212654 1 P 0
L 73.13509122 12.0690132 76.22189226 15.13490242 1 P 0
L 73.15769468 33.08356096 74.81605814 30.18161858 1 P 0
L 73.16277722 29.49680918 73.89164038 26.71952492 1 P 0
L 73.16717904 23.9455579 73.18196438 26.6260961 1 P 0
L 73.19863694 38.58351186 76.28104632 35.4801932 1 P 0
L 73.35296734 11.78507168 76.50583124 14.91702884 1 P 0
L 73.3824796 17.31366108 75.10538192 20.26824496 1 P 0
L 73.41651306 38.86745084 76.5649853 35.69806932 1 P 0
L 73.44163366 33.30143708 75.14671534 30.318583 1 P 0
L 73.452101 20.9530569 74.23169304 23.80541086 1 P 0
L 73.49343442 29.63377106 74.24647838 26.7662406 1 P 0
L 73.52201704 23.89884222 73.53680238 26.67281178 1 P 0
L 73.57084092 11.50113016 76.78977276 14.69915272 1 P 0
L 73.63438918 39.15139236 76.84892682 35.91594544 1 P 0
L 73.66642112 17.09578496 75.43603912 20.13128308 1 P 0
L 73.72557518 33.5193132 75.47737254 30.45554488 1 P 0
L 73.7827582 20.81609502 74.58653104 23.75869518 1 P 0
L 73.78871704 11.21718864 77.07371428 14.4812766 1 P 0
L 73.82408908 29.77073294 74.60131638 26.81295628 1 P 0
L 73.8522653 39.43533388 77.13286834 36.13382156 1 P 0
L 73.87685504 23.85212654 73.89164038 26.71952492 1 P 0
L 73.95036264 16.87790884 75.76669632 19.9943212 1 P 0
L 74.00659316 10.93324712 77.3576558 14.26340048 1 P 0
L 74.0095167 33.73718932 75.8080272 30.59250676 1 P 0
L 74.07014142 39.7192754 77.41680986 36.35169768 1 P 0
L 74.11341286 20.67913314 74.94136904 23.71198204 1 P 0
L 74.15474628 29.90769482 74.95615438 26.85967196 1 P 0
L 74.22446928 10.6493056 77.64159732 14.04552436 1 P 0
L 74.23169304 23.80541086 74.24647838 26.7662406 1 P 0
L 74.23430416 16.66003272 76.09735098 19.85735678 1 P 0
L 74.288015 40.00321692 77.70075138 36.56957126 1 P 0
L 74.29345822 33.95506544 76.1386844 30.72946864 1 P 0
L 74.4423454 10.36536662 77.9255363 13.82765078 1 P 0
L 74.44407006 20.54216872 75.29620704 23.66526636 1 P 0
L 74.48540348 30.0446567 75.31099238 26.90638764 1 P 0
L 74.50589112 40.28715844 77.9846929 36.78744738 1 P 0
L 74.51824568 16.4421566 76.42800818 19.7203949 1 P 0
L 74.57739974 34.17293902 76.4693416 30.86643052 1 P 0
L 74.58653104 23.75869518 74.60131638 26.81295628 1 P 0
L 74.66021898 10.0814251 78.20947782 13.60977466 1 P 0
L 74.72376724 40.57109742 78.26863188 37.0053235 1 P 0
L 74.77472726 20.40520684 75.65104504 23.61855068 1 P 0
L 74.80218466 16.22428048 76.75866538 19.58343302 1 P 0
L 74.81605814 30.18161858 75.66583038 26.95310332 1 P 0
L 74.86134126 34.39081514 76.79999626 31.00339494 1 P 0
L 74.8780951 9.79748358 78.49341934 13.39189854 1 P 0
L 74.94136904 23.71198204 74.95615438 26.85967196 1 P 0
L 74.94164336 40.85503894 78.5525734 37.22319962 1 P 0
L 75.08612618 16.0064069 77.08932258 19.44647114 1 P 0
L 75.09597122 9.51354206 78.77736086 13.17402242 1 P 0
L 75.10538192 20.26824496 76.00588304 23.571835 1 P 0
L 75.14528024 34.60869126 77.13065346 31.14035682 1 P 0
L 75.14671534 30.318583 76.02066838 26.999819 1 P 0
L 75.15951948 41.13898046 78.83651492 37.44107574 1 P 0
L 75.29620704 23.66526636 75.31099238 26.90638764 1 P 0
L 75.31384734 9.22960054 79.06130238 12.9561463 1 P 0
L 75.3700677 15.78853078 77.41997724 19.30950926 1 P 0
L 75.37739306 41.42292198 79.12045644 37.65894932 1 P 0
L 75.42922176 34.82656738 77.46131066 31.2773187 1 P 0
L 75.43603912 20.13128308 76.36072104 23.52511932 1 P 0
L 75.47737254 30.45554488 76.37550638 27.04653214 1 P 0
L 75.65104504 23.61855068 75.66583038 26.95310332 1 P 0
L 75.65400922 15.57065466 77.75063444 19.17254484 1 P 0
L 75.71316328 35.0444435 77.79196532 31.41428058 1 P 0
L 75.76669632 19.9943212 76.71555904 23.47840364 1 P 0
L 75.8080272 30.59250676 76.73034438 27.09324782 1 P 0
L 75.93795074 15.35277854 78.08129164 19.03558296 1 P 0
L 75.9971048 35.26231962 78.12262252 31.55124246 1 P 0
L 76.00588304 23.571835 76.02066838 26.999819 1 P 0
L 76.09735098 19.85735678 77.07039704 23.43168796 1 P 0
L 76.1386844 30.72946864 77.08518238 27.1399635 1 P 0
L 76.22189226 15.13490242 78.4119463 18.89862108 1 P 0
L 76.28104632 35.4801932 78.45327972 31.68820688 1 P 0
L 76.36072104 23.52511932 76.37550638 27.04653214 1 P 0
L 76.42800818 19.7203949 77.42523504 23.38497482 1 P 0
L 76.4693416 30.86643052 77.44002038 27.18667918 1 P 0
L 76.50583124 14.91702884 78.7426035 18.7616592 1 P 0
L 76.5649853 35.69806932 78.78393438 31.82516876 1 P 0
L 76.71555904 23.47840364 76.73034438 27.09324782 1 P 0
L 76.75866538 19.58343302 77.78007304 23.33825914 1 P 0
L 76.78977276 14.69915272 79.0732607 18.62469732 1 P 0
L 76.79999626 31.00339494 77.79485838 27.23339486 1 P 0
L 76.84892682 35.91594544 79.11459158 31.96213064 1 P 0
L 77.07039704 23.43168796 77.08518238 27.1399635 1 P 0
L 77.07371428 14.4812766 79.40391536 18.48773544 1 P 0
L 77.08932258 19.44647114 78.13491104 23.29154346 1 P 0
L 77.13065346 31.14035682 78.14969638 27.28011054 1 P 0
L 77.13286834 36.13382156 79.44524878 32.09909252 1 P 0
L 77.3576558 14.26340048 79.73457256 18.35077102 1 P 0
L 77.41680986 36.35169768 79.77590344 32.2360544 1 P 0
L 77.41997724 19.30950926 78.48974904 23.24482778 1 P 0
L 77.42523504 23.38497482 77.44002038 27.18667918 1 P 0
L 77.46131066 31.2773187 78.50453438 27.32682622 1 P 0
L 77.64159732 14.04552436 80.06522976 18.21380914 1 P 0
L 77.70075138 36.56957126 80.10656064 32.37301628 1 P 0
L 77.75063444 19.17254484 78.84458704 23.1981121 1 P 0
L 77.78007304 23.33825914 77.79485838 27.23339486 1 P 0
L 77.79196532 31.41428058 78.85937238 27.37353936 1 P 0
L 77.9255363 13.82765078 80.39588442 18.07684726 1 P 0
L 77.9846929 36.78744738 80.43721784 32.5099807 1 P 0
L 78.08129164 19.03558296 79.19942504 23.15139642 1 P 0
L 78.12262252 31.55124246 79.21421038 27.42025504 1 P 0
L 78.13491104 23.29154346 78.14969638 27.28011054 1 P 0
L 78.20947782 13.60977466 80.72654162 17.93988538 1 P 0
L 78.26863188 37.0053235 80.7678725 32.64694258 1 P 0
L 78.4119463 18.89862108 79.55426304 23.10468328 1 P 0
L 78.45327972 31.68820688 79.56904838 27.46697072 1 P 0
L 78.48974904 23.24482778 78.50453438 27.32682622 1 P 0
L 78.49341934 13.39189854 81.05719882 17.8029235 1 P 0
L 78.5525734 37.22319962 81.0985297 32.78390446 1 P 0
L 78.7426035 18.7616592 79.90910104 23.0579676 1 P 0
L 78.77736086 13.17402242 81.38785348 17.66595908 1 P 0
L 78.78393438 31.82516876 79.92388638 27.5136864 1 P 0
L 78.83651492 37.44107574 81.4291869 32.92086634 1 P 0
L 78.84458704 23.1981121 78.85937238 27.37353936 1 P 0
L 79.06130238 12.9561463 81.71851068 17.5289972 1 P 0
L 79.0732607 18.62469732 80.26393904 23.01125192 1 P 0
L 79.11459158 31.96213064 80.27872438 27.56040208 1 P 0
L 79.12045644 37.65894932 81.75984156 33.05782822 1 P 0
L 79.19942504 23.15139642 79.21421038 27.42025504 1 P 0
L 79.40391536 18.48773544 80.61877704 22.96453624 1 P 0
L 79.44524878 32.09909252 80.63356238 27.60711776 1 P 0
L 79.55426304 23.10468328 79.56904838 27.46697072 1 P 0
L 79.73457256 18.35077102 80.97361504 22.91782056 1 P 0
L 79.77590344 32.2360544 80.98840038 27.65383344 1 P 0
L 79.90910104 23.0579676 79.92388638 27.5136864 1 P 0
L 80.06522976 18.21380914 81.32845304 22.87110488 1 P 0
L 80.10656064 32.37301628 81.34323838 27.70054658 1 P 0
L 80.26393904 23.01125192 80.27872438 27.56040208 1 P 0
L 80.39588442 18.07684726 81.68329104 22.8243892 1 P 0
L 80.43721784 32.5099807 81.69807638 27.74726226 1 P 0
L 80.61877704 22.96453624 80.63356238 27.60711776 1 P 0
L 80.72654162 17.93988538 82.03812904 22.77767606 1 P 0
L 80.7678725 32.64694258 82.05291438 27.79397794 1 P 0
L 80.97361504 22.91782056 80.98840038 27.65383344 1 P 0
L 81.05719882 17.8029235 82.39296704 22.73096038 1 P 0
L 81.0985297 32.78390446 82.40775238 27.84069362 1 P 0
L 81.32845304 22.87110488 81.34323838 27.70054658 1 P 0
L 81.38785348 17.66595908 82.74780504 22.6842447 1 P 0
L 81.4291869 32.92086634 82.76259038 27.8874093 1 P 0
L 81.68329104 22.8243892 81.69807638 27.74726226 1 P 0
L 81.71851068 17.5289972 83.10264304 22.63752902 1 P 0
L 81.75984156 33.05782822 83.11742838 27.93412498 1 P 0
L 82.03812904 22.77767606 82.05291438 27.79397794 1 P 0
L 82.39296704 22.73096038 82.40775238 27.84069362 1 P 0
L 82.74780504 22.6842447 82.76259038 27.8874093 1 P 0
L 83.10264304 22.63752902 83.11742838 27.93412498 1 P 0
S P 0
OB 40.85400008 49.71401284 I
OS 40.7678001 49.71401284
OS 40.3613112 49.63315702
OS 39.97840874 49.47455434
OS 39.6338044 49.24429572
OS 39.34074428 48.9512356
OS 39.11048566 48.60663126
OS 38.95188298 48.2237288
OS 38.87102716 47.8172399
OS 38.87102716 47.4027881
OS 38.95188298 46.9962992
OS 39.11048566 46.61339674
OS 39.34074428 46.2687924
OS 39.6338044 45.97573228
OS 39.97840874 45.74547366
OS 40.3613112 45.58687098
OS 40.7678001 45.50601516
OS 40.85400008 45.50601516
OS 40.85400008 27.7395432
OS 40.77292836 27.59912184
OS 40.7210006 27.40531984
OS 40.7210006 27.20468016
OS 40.77292836 27.01087816
OS 40.85400008 26.8704568
OS 40.85400008 25.7075432
OS 40.77292836 25.56712184
OS 40.7210006 25.37331984
OS 40.7210006 25.17268016
OS 40.77292836 24.97887816
OS 40.85400008 24.8384568
OS 40.85400008 6.53401284
OS 40.7678001 6.53401284
OS 40.3613112 6.45315702
OS 39.97840874 6.29455434
OS 39.6338044 6.06429572
OS 39.34074428 5.7712356
OS 39.11048566 5.42663126
OS 38.95188298 5.0437288
OS 38.87102716 4.6372399
OS 38.87102716 4.2227881
OS 38.95188298 3.8162992
OS 39.11048566 3.43339674
OS 39.34074428 3.0887924
OS 39.6338044 2.79573228
OS 39.97840874 2.56547366
OS 40.3613112 2.40687098
OS 40.7678001 2.32601516
OS 40.85400008 2.32601516
OS 40.85400008 0.4078224
OS 0.4078224 0.4078224
OS 0.4078224 52.29217634
OS 40.85400008 52.29217634
OS 40.85400008 49.71401284
OE
OB 15.88114172 48.70299886 H
OS 15.64085772 48.70299886
OS 15.41886172 48.61104578
OS 15.2489535 48.44113756
OS 15.15700042 48.21914156
OS 15.15700042 47.97885756
OS 15.2489535 47.75686156
OS 15.41886172 47.58695334
OS 15.64085772 47.49500026
OS 15.88114172 47.49500026
OS 16.10313772 47.58695334
OS 16.27304594 47.75686156
OS 16.36499902 47.97885756
OS 16.36499902 48.21914156
OS 16.27304594 48.44113756
OS 16.10313772 48.61104578
OS 15.88114172 48.70299886
OE
OB 6.97614302 46.64499942 H
OS 6.73585902 46.64499942
OS 6.51386302 46.55304634
OS 6.3439548 46.38313812
OS 6.25200172 46.16114212
OS 6.25200172 45.92085812
OS 6.3439548 45.69886212
OS 6.51386302 45.5289539
OS 6.73585902 45.43700082
OS 6.97614302 45.43700082
OS 7.19813902 45.5289539
OS 7.36804724 45.69886212
OS 7.46000032 45.92085812
OS 7.46000032 46.16114212
OS 7.36804724 46.38313812
OS 7.19813902 46.55304634
OS 6.97614302 46.64499942
OE
OB 13.97714248 46.53499964 H
OS 13.73685848 46.53499964
OS 13.51486248 46.44304656
OS 13.34495426 46.27313834
OS 13.25300118 46.05114234
OS 13.25300118 45.81085834
OS 13.34127888 45.5977371
OS 13.34205358 45.5800714
OS 13.3004052 45.45380546
OS 13.1615053 45.39626938
OS 13.11583864 45.35060272
OS 13.0807587 45.36000072
OS 12.81324082 45.36000072
OS 12.554839 45.29076286
OS 12.32316052 45.15700392
OS 12.13399656 44.96783996
OS 12.00023762 44.73616148
OS 11.93099976 44.47775966
OS 11.93099976 44.21024178
OS 12.00023762 43.95183996
OS 12.13399656 43.72016148
OS 12.32316052 43.53099752
OS 12.46792782 43.44741628
OS 12.50023662 43.32683994
OS 12.63399556 43.09516146
OS 12.82315952 42.9059975
OS 13.054838 42.77223856
OS 13.31323982 42.7030007
OS 13.5807577 42.7030007
OS 13.83915952 42.77223856
OS 14.070838 42.9059975
OS 14.26000196 43.09516146
OS 14.3937609 43.32683994
OS 14.4260697 43.44741628
OS 14.570837 43.53099752
OS 14.76000096 43.72016148
OS 14.8937599 43.95183996
OS 14.96299776 44.21024178
OS 14.96299776 44.47775966
OS 14.8937599 44.73616148
OS 14.76000096 44.96783996
OS 14.570837 45.15700392
OS 14.33915852 45.29076286
OS 14.25849574 45.31237572
OS 14.25041346 45.32688674
OS 14.23132282 45.45113846
OS 14.3690467 45.58886234
OS 14.46099978 45.81085834
OS 14.46099978 46.05114234
OS 14.3690467 46.27313834
OS 14.19913848 46.44304656
OS 13.97714248 46.53499964
OE
OB 19.88314286 45.94899878 H
OS 19.64285886 45.94899878
OS 19.42086286 45.8570457
OS 19.25095464 45.68713748
OS 19.15900156 45.46514148
OS 19.15900156 45.22485748
OS 19.25095464 45.00286148
OS 19.42086286 44.83295326
OS 19.64285886 44.74100018
OS 19.88314286 44.74100018
OS 20.10513886 44.83295326
OS 20.27504708 45.00286148
OS 20.36700016 45.22485748
OS 20.36700016 45.46514148
OS 20.27504708 45.68713748
OS 20.10513886 45.8570457
OS 19.88314286 45.94899878
OE
OB 28.78114132 40.83699986 H
OS 28.54085732 40.83699986
OS 28.31886132 40.74504678
OS 28.1489531 40.57513856
OS 28.05700002 40.35314256
OS 28.05700002 40.11285856
OS 28.1489531 39.89086256
OS 28.31886132 39.72095434
OS 28.54085732 39.62900126
OS 28.78114132 39.62900126
OS 29.00313732 39.72095434
OS 29.17304554 39.89086256
OS 29.26499862 40.11285856
OS 29.26499862 40.35314256
OS 29.17304554 40.57513856
OS 29.00313732 40.74504678
OS 28.78114132 40.83699986
OE
OB 38.4201416 40.60399804 H
OS 38.1798576 40.60399804
OS 37.9578616 40.51204496
OS 37.78795338 40.34213674
OS 37.6960003 40.12014074
OS 37.6960003 39.87985674
OS 37.78795338 39.65786074
OS 37.9578616 39.48795252
OS 38.1798576 39.39599944
OS 38.4201416 39.39599944
OS 38.6421376 39.48795252
OS 38.81204582 39.65786074
OS 38.9039989 39.87985674
OS 38.9039989 40.12014074
OS 38.81204582 40.34213674
OS 38.6421376 40.51204496
OS 38.4201416 40.60399804
OE
OB 34.32014218 40.60399804 H
OS 34.07985818 40.60399804
OS 33.85786218 40.51204496
OS 33.68795396 40.34213674
OS 33.59600088 40.12014074
OS 33.59600088 39.87985674
OS 33.68795396 39.65786074
OS 33.85786218 39.48795252
OS 34.07985818 39.39599944
OS 34.32014218 39.39599944
OS 34.54213818 39.48795252
OS 34.7120464 39.65786074
OS 34.80399948 39.87985674
OS 34.80399948 40.12014074
OS 34.7120464 40.34213674
OS 34.54213818 40.51204496
OS 34.32014218 40.60399804
OE
OB 32.72014284 40.60399804 H
OS 32.47985884 40.60399804
OS 32.25786284 40.51204496
OS 32.08795462 40.34213674
OS 31.99600154 40.12014074
OS 31.99600154 39.87985674
OS 32.08795462 39.65786074
OS 32.25786284 39.48795252
OS 32.47985884 39.39599944
OS 32.72014284 39.39599944
OS 32.94213884 39.48795252
OS 33.11204706 39.65786074
OS 33.20400014 39.87985674
OS 33.20400014 40.12014074
OS 33.11204706 40.34213674
OS 32.94213884 40.51204496
OS 32.72014284 40.60399804
OE
OB 33.42414194 37.4040019 H
OS 33.18385794 37.4040019
OS 32.96186194 37.31204882
OS 32.79195372 37.1421406
OS 32.70000064 36.9201446
OS 32.70000064 36.6798606
OS 32.79195372 36.4578646
OS 32.96186194 36.28795638
OS 33.18385794 36.1960033
OS 33.42414194 36.1960033
OS 33.64613794 36.28795638
OS 33.81604616 36.4578646
OS 33.90799924 36.6798606
OS 33.90799924 36.9201446
OS 33.81604616 37.1421406
OS 33.64613794 37.31204882
OS 33.42414194 37.4040019
OE
OB 12.441301 34.90639958 H
OS 11.958701 34.90639958
OS 11.958701 34.09359958
OS 12.441301 34.09359958
OS 12.441301 34.90639958
OE
OB 14.32014154 35.10399888 H
OS 14.07985754 35.10399888
OS 13.85786154 35.0120458
OS 13.68795332 34.84213758
OS 13.59600024 34.62014158
OS 13.59600024 34.37985758
OS 13.68795332 34.15786158
OS 13.85786154 33.98795336
OS 14.07985754 33.89600028
OS 14.32014154 33.89600028
OS 14.54213754 33.98795336
OS 14.71204576 34.15786158
OS 14.80399884 34.37985758
OS 14.80399884 34.62014158
OS 14.71204576 34.84213758
OS 14.54213754 35.0120458
OS 14.32014154 35.10399888
OE
OB 9.48814206 34.69999918 H
OS 9.24785806 34.69999918
OS 9.02586206 34.6080461
OS 8.85595384 34.43813788
OS 8.76400076 34.21614188
OS 8.76400076 33.97585788
OS 8.85595384 33.75386188
OS 9.02586206 33.58395366
OS 9.24785806 33.49200058
OS 9.48814206 33.49200058
OS 9.71013806 33.58395366
OS 9.88004628 33.75386188
OS 9.97199936 33.97585788
OS 9.97199936 34.21614188
OS 9.88004628 34.43813788
OS 9.71013806 34.6080461
OS 9.48814206 34.69999918
OE
OB 13.5954008 32.52589888 H
OS 12.7826008 32.52589888
OS 12.7826008 31.84009888
OS 13.5954008 31.84009888
OS 13.5954008 32.52589888
OE
OB 11.5134009 32.49190098 H
OS 10.7006009 32.49190098
OS 10.7006009 31.80610098
OS 11.5134009 31.80610098
OS 11.5134009 32.49190098
OE
OB 9.92014272 30.40399812 H
OS 9.67985872 30.40399812
OS 9.45786272 30.31204504
OS 9.2879545 30.14213682
OS 9.19600142 29.92014082
OS 9.19600142 29.67985682
OS 9.2879545 29.45786082
OS 9.45786272 29.2879526
OS 9.67985872 29.19599952
OS 9.92014272 29.19599952
OS 10.14213872 29.2879526
OS 10.31204694 29.45786082
OS 10.40400002 29.67985682
OS 10.40400002 29.92014082
OS 10.31204694 30.14213682
OS 10.14213872 30.31204504
OS 9.92014272 30.40399812
OE
OB 7.92014164 30.20399852 H
OS 7.67985764 30.20399852
OS 7.45786164 30.11204544
OS 7.28795342 29.94213722
OS 7.19600034 29.72014122
OS 7.19600034 29.47985722
OS 7.28795342 29.25786122
OS 7.45786164 29.087953
OS 7.67985764 28.99599992
OS 7.92014164 28.99599992
OS 8.14213764 29.087953
OS 8.31204586 29.25786122
OS 8.40399894 29.47985722
OS 8.40399894 29.72014122
OS 8.31204586 29.94213722
OS 8.14213764 30.11204544
OS 7.92014164 30.20399852
OE
OB 4.92014256 28.50399938 H
OS 4.67985856 28.50399938
OS 4.45786256 28.4120463
OS 4.28795434 28.24213808
OS 4.19600126 28.02014208
OS 4.19600126 27.77985808
OS 4.28795434 27.55786208
OS 4.45786256 27.38795386
OS 4.67985856 27.29600078
OS 4.92014256 27.29600078
OS 5.14213856 27.38795386
OS 5.31204678 27.55786208
OS 5.40399986 27.77985808
OS 5.40399986 28.02014208
OS 5.31204678 28.24213808
OS 5.14213856 28.4120463
OS 4.92014256 28.50399938
OE
OB 8.00640004 27.54289894 H
OS 7.19360004 27.54289894
OS 7.19360004 26.85709894
OS 8.00640004 26.85709894
OS 8.00640004 27.54289894
OE
OB 37.02014186 28.00400038 H
OS 36.77985786 28.00400038
OS 36.55786186 27.9120473
OS 36.38795364 27.74213908
OS 36.29600056 27.52014308
OS 36.29600056 27.27985908
OS 36.38795364 27.05786308
OS 36.55786186 26.88795486
OS 36.77985786 26.79600178
OS 37.02014186 26.79600178
OS 37.24213786 26.88795486
OS 37.41204608 27.05786308
OS 37.50399916 27.27985908
OS 37.50399916 27.52014308
OS 37.41204608 27.74213908
OS 37.24213786 27.9120473
OS 37.02014186 28.00400038
OE
OB 30.42014236 27.50399884 H
OS 30.17985836 27.50399884
OS 29.95786236 27.41204576
OS 29.78795414 27.24213754
OS 29.69600106 27.02014154
OS 29.69600106 26.77985754
OS 29.78795414 26.55786154
OS 29.95786236 26.38795332
OS 30.17985836 26.29600024
OS 30.42014236 26.29600024
OS 30.64213836 26.38795332
OS 30.81204658 26.55786154
OS 30.90399966 26.77985754
OS 30.90399966 27.02014154
OS 30.81204658 27.24213754
OS 30.64213836 27.41204576
OS 30.42014236 27.50399884
OE
OB 10.5031413 27.37499986 H
OS 10.2628573 27.37499986
OS 10.0408613 27.28304678
OS 9.87095308 27.11313856
OS 9.779 26.89114256
OS 9.779 26.65085856
OS 9.87095308 26.42886256
OS 10.0408613 26.25895434
OS 10.2628573 26.16700126
OS 10.5031413 26.16700126
OS 10.7251373 26.25895434
OS 10.73700164 26.27081868
OS 10.86400164 26.21821274
OS 10.86400164 26.10785736
OS 10.95595472 25.88586136
OS 11.12586294 25.71595314
OS 11.34785894 25.62400006
OS 11.58814294 25.62400006
OS 11.81013894 25.71595314
OS 11.98004716 25.88586136
OS 12.07200024 26.10785736
OS 12.07200024 26.34814136
OS 11.98004716 26.57013736
OS 11.81013894 26.74004558
OS 11.58814294 26.83199866
OS 11.34785894 26.83199866
OS 11.12586294 26.74004558
OS 11.1139986 26.72818124
OS 10.9869986 26.78078718
OS 10.9869986 26.89114256
OS 10.89504552 27.11313856
OS 10.7251373 27.28304678
OS 10.5031413 27.37499986
OE
OB 5.82014076 26.6039981 H
OS 5.57985676 26.6039981
OS 5.35786076 26.51204502
OS 5.18795254 26.3421368
OS 5.09599946 26.1201408
OS 5.09599946 25.8798568
OS 5.18795254 25.6578608
OS 5.35786076 25.48795258
OS 5.57985676 25.3959995
OS 5.82014076 25.3959995
OS 6.04213676 25.48795258
OS 6.21204498 25.6578608
OS 6.30399806 25.8798568
OS 6.30399806 26.1201408
OS 6.21204498 26.3421368
OS 6.04213676 26.51204502
OS 5.82014076 26.6039981
OE
OB 3.62014262 26.6039981 H
OS 3.37985862 26.6039981
OS 3.15786262 26.51204502
OS 2.9879544 26.3421368
OS 2.89600132 26.1201408
OS 2.89600132 25.8798568
OS 2.9879544 25.6578608
OS 3.15786262 25.48795258
OS 3.37985862 25.3959995
OS 3.62014262 25.3959995
OS 3.84213862 25.48795258
OS 4.01204684 25.6578608
OS 4.10399992 25.8798568
OS 4.10399992 26.1201408
OS 4.01204684 26.3421368
OS 3.84213862 26.51204502
OS 3.62014262 26.6039981
OE
OB 34.62014158 27.10399964 H
OS 34.37985758 27.10399964
OS 34.15786158 27.01204656
OS 33.98795336 26.84213834
OS 33.89600028 26.62014234
OS 33.89600028 26.37985834
OS 33.98795336 26.15786234
OS 34.15786158 25.98795412
OS 34.37985758 25.89600104
OS 34.62014158 25.89600104
OS 34.76899828 25.95765954
OS 34.89600082 25.8758817
OS 34.89600082 25.779857
OS 34.9879539 25.557861
OS 35.15786212 25.38795278
OS 35.37985812 25.2959997
OS 35.62014212 25.2959997
OS 35.84213812 25.38795278
OS 36.01204634 25.557861
OS 36.10399942 25.779857
OS 36.10399942 26.020141
OS 36.01204634 26.242137
OS 35.84213812 26.41204522
OS 35.62014212 26.5039983
OS 35.37985812 26.5039983
OS 35.23100142 26.4423398
OS 35.10399888 26.52411764
OS 35.10399888 26.62014234
OS 35.0120458 26.84213834
OS 34.84213758 27.01204656
OS 34.62014158 27.10399964
OE
OB 32.78036116 24.95399886 H
OS 32.61964012 24.95399886
OS 32.47115426 24.89249276
OS 32.35750704 24.77884554
OS 32.29600094 24.63035968
OS 32.29600094 24.46963864
OS 32.35750704 24.32115278
OS 32.47115426 24.20750556
OS 32.61964012 24.14599946
OS 32.78036116 24.14599946
OS 32.92884702 24.20750556
OS 33.04249424 24.32115278
OS 33.10400034 24.46963864
OS 33.10400034 24.63035968
OS 33.04249424 24.77884554
OS 32.92884702 24.89249276
OS 32.78036116 24.95399886
OE
OB 12.03614306 25.22499908 H
OS 11.79585906 25.22499908
OS 11.57386306 25.133046
OS 11.40395484 24.96313778
OS 11.31200176 24.74114178
OS 11.31200176 24.50085778
OS 11.40395484 24.27886178
OS 11.57386306 24.10895356
OS 11.79585906 24.01700048
OS 12.03614306 24.01700048
OS 12.25813906 24.10895356
OS 12.42804728 24.27886178
OS 12.52000036 24.50085778
OS 12.52000036 24.74114178
OS 12.42804728 24.96313778
OS 12.25813906 25.133046
OS 12.03614306 25.22499908
OE
OB 10.34014188 24.9569986 H
OS 10.09985788 24.9569986
OS 9.87786188 24.86504552
OS 9.70795366 24.6951373
OS 9.61600058 24.4731413
OS 9.61600058 24.2328573
OS 9.70795366 24.0108613
OS 9.87786188 23.84095308
OS 10.09985788 23.749
OS 10.34014188 23.749
OS 10.56213788 23.84095308
OS 10.7320461 24.0108613
OS 10.82399918 24.2328573
OS 10.82399918 24.4731413
OS 10.7320461 24.6951373
OS 10.56213788 24.86504552
OS 10.34014188 24.9569986
OE
OB 27.22014114 24.70399936 H
OS 26.97985714 24.70399936
OS 26.75786114 24.61204628
OS 26.58795292 24.44213806
OS 26.49599984 24.22014206
OS 26.49599984 23.97985806
OS 26.58795292 23.75786206
OS 26.75786114 23.58795384
OS 26.97985714 23.49600076
OS 27.22014114 23.49600076
OS 27.44213714 23.58795384
OS 27.61204536 23.75786206
OS 27.70399844 23.97985806
OS 27.70399844 24.22014206
OS 27.61204536 24.44213806
OS 27.44213714 24.61204628
OS 27.22014114 24.70399936
OE
OB 6.8201413 24.70399936 H
OS 6.5798573 24.70399936
OS 6.3578613 24.61204628
OS 6.18795308 24.44213806
OS 6.096 24.22014206
OS 6.096 23.97985806
OS 6.18795308 23.75786206
OS 6.3578613 23.58795384
OS 6.5798573 23.49600076
OS 6.8201413 23.49600076
OS 7.0421373 23.58795384
OS 7.21204552 23.75786206
OS 7.3039986 23.97985806
OS 7.3039986 24.22014206
OS 7.21204552 24.44213806
OS 7.0421373 24.61204628
OS 6.8201413 24.70399936
OE
OB 24.42014166 24.60399956 H
OS 24.17985766 24.60399956
OS 23.95786166 24.51204648
OS 23.78795344 24.34213826
OS 23.69600036 24.12014226
OS 23.69600036 23.87985826
OS 23.78795344 23.65786226
OS 23.95786166 23.48795404
OS 24.17985766 23.39600096
OS 24.42014166 23.39600096
OS 24.64213766 23.48795404
OS 24.81204588 23.65786226
OS 24.90399896 23.87985826
OS 24.90399896 24.12014226
OS 24.81204588 24.34213826
OS 24.64213766 24.51204648
OS 24.42014166 24.60399956
OE
OB 4.52014082 24.60399956 H
OS 4.27985682 24.60399956
OS 4.05786082 24.51204648
OS 3.8879526 24.34213826
OS 3.79599952 24.12014226
OS 3.79599952 23.87985826
OS 3.8879526 23.65786226
OS 4.05786082 23.48795404
OS 4.27985682 23.39600096
OS 4.52014082 23.39600096
OS 4.74213682 23.48795404
OS 4.91204504 23.65786226
OS 5.00399812 23.87985826
OS 5.00399812 24.12014226
OS 4.91204504 24.34213826
OS 4.74213682 24.51204648
OS 4.52014082 24.60399956
OE
OB 33.82391762 23.7126907 H
OS 33.66319658 23.7126907
OS 33.51471072 23.6511846
OS 33.4010635 23.53753738
OS 33.3395574 23.38905152
OS 33.3395574 23.22833048
OS 33.4010635 23.07984462
OS 33.51471072 22.9661974
OS 33.66319658 22.9046913
OS 33.82391762 22.9046913
OS 33.97240348 22.9661974
OS 34.0860507 23.07984462
OS 34.1475568 23.22833048
OS 34.1475568 23.38905152
OS 34.0860507 23.53753738
OS 33.97240348 23.6511846
OS 33.82391762 23.7126907
OE
OB 29.62014142 24.10400056 H
OS 29.37985742 24.10400056
OS 29.15786142 24.01204748
OS 28.9879532 23.84213926
OS 28.89600012 23.62014326
OS 28.89600012 23.37985926
OS 28.9879532 23.15786326
OS 29.15786142 22.98795504
OS 29.37985742 22.89600196
OS 29.62014142 22.89600196
OS 29.84213742 22.98795504
OS 30.01204564 23.15786326
OS 30.10399872 23.37985926
OS 30.10399872 23.62014326
OS 30.01204564 23.84213926
OS 29.84213742 24.01204748
OS 29.62014142 24.10400056
OE
OB 31.73036326 23.70399882 H
OS 31.56964222 23.70399882
OS 31.42115636 23.64249272
OS 31.30750914 23.5288455
OS 31.24600304 23.38035964
OS 31.24600304 23.2196386
OS 31.30750914 23.07115274
OS 31.42115636 22.95750552
OS 31.56964222 22.89599942
OS 31.73036326 22.89599942
OS 31.87884912 22.95750552
OS 31.99249634 23.07115274
OS 32.05400244 23.2196386
OS 32.05400244 23.38035964
OS 31.99249634 23.5288455
OS 31.87884912 23.64249272
OS 31.73036326 23.70399882
OE
OB 22.74314222 23.31899832 H
OS 22.50285822 23.31899832
OS 22.28086222 23.22704524
OS 22.110954 23.05713702
OS 22.01900092 22.83514102
OS 22.01900092 22.59485702
OS 22.110954 22.37286102
OS 22.28086222 22.2029528
OS 22.50285822 22.11099972
OS 22.74314222 22.11099972
OS 22.96513822 22.2029528
OS 23.13504644 22.37286102
OS 23.22699952 22.59485702
OS 23.22699952 22.83514102
OS 23.13504644 23.05713702
OS 22.96513822 23.22704524
OS 22.74314222 23.31899832
OE
OB 28.52014108 22.90400042 H
OS 28.27985708 22.90400042
OS 28.05786108 22.81204734
OS 27.88795286 22.64213912
OS 27.79599978 22.42014312
OS 27.79599978 22.17985912
OS 27.88795286 21.95786312
OS 28.05786108 21.7879549
OS 28.27985708 21.69600182
OS 28.52014108 21.69600182
OS 28.74213708 21.7879549
OS 28.9120453 21.95786312
OS 29.00399838 22.17985912
OS 29.00399838 22.42014312
OS 28.9120453 22.64213912
OS 28.74213708 22.81204734
OS 28.52014108 22.90400042
OE
OB 32.78036116 22.45399878 H
OS 32.61964012 22.45399878
OS 32.47115426 22.39249268
OS 32.35750704 22.27884546
OS 32.29600094 22.1303596
OS 32.29600094 21.96963856
OS 32.35750704 21.8211527
OS 32.47115426 21.70750548
OS 32.61964012 21.64599938
OS 32.78036116 21.64599938
OS 32.92884702 21.70750548
OS 33.04249424 21.8211527
OS 33.10400034 21.96963856
OS 33.10400034 22.1303596
OS 33.04249424 22.27884546
OS 32.92884702 22.39249268
OS 32.78036116 22.45399878
OE
OB 18.44714116 21.9169996 H
OS 18.20685716 21.9169996
OS 17.98486116 21.82504652
OS 17.81495294 21.6551383
OS 17.72299986 21.4331423
OS 17.72299986 21.1928583
OS 17.81495294 20.9708623
OS 17.98486116 20.80095408
OS 18.20685716 20.709001
OS 18.44714116 20.709001
OS 18.66913716 20.80095408
OS 18.83904538 20.9708623
OS 18.93099846 21.1928583
OS 18.93099846 21.4331423
OS 18.83904538 21.6551383
OS 18.66913716 21.82504652
OS 18.44714116 21.9169996
OE
OB 29.82014102 21.50399814 H
OS 29.57985702 21.50399814
OS 29.35786102 21.41204506
OS 29.1879528 21.24213684
OS 29.09599972 21.02014084
OS 29.09599972 20.77985684
OS 29.1879528 20.55786084
OS 29.35786102 20.38795262
OS 29.57985702 20.29599954
OS 29.82014102 20.29599954
OS 30.04213702 20.38795262
OS 30.21204524 20.55786084
OS 30.30399832 20.77985684
OS 30.30399832 21.02014084
OS 30.21204524 21.24213684
OS 30.04213702 21.41204506
OS 29.82014102 21.50399814
OE
OB 23.62014326 21.00399914 H
OS 23.37985926 21.00399914
OS 23.15786326 20.91204606
OS 22.98795504 20.74213784
OS 22.89600196 20.52014184
OS 22.89600196 20.27985784
OS 22.98795504 20.05786184
OS 23.15786326 19.88795362
OS 23.37985926 19.79600054
OS 23.62014326 19.79600054
OS 23.84213926 19.88795362
OS 24.01204748 20.05786184
OS 24.10400056 20.27985784
OS 24.10400056 20.52014184
OS 24.01204748 20.74213784
OS 23.84213926 20.91204606
OS 23.62014326 21.00399914
OE
OB 9.45214264 20.92299854 H
OS 9.21185864 20.92299854
OS 8.98986264 20.83104546
OS 8.81995442 20.66113724
OS 8.72800134 20.43914124
OS 8.72800134 20.19885724
OS 8.81995442 19.97686124
OS 8.98986264 19.80695302
OS 9.21185864 19.71499994
OS 9.45214264 19.71499994
OS 9.67413864 19.80695302
OS 9.84404686 19.97686124
OS 9.93599994 20.19885724
OS 9.93599994 20.43914124
OS 9.84404686 20.66113724
OS 9.67413864 20.83104546
OS 9.45214264 20.92299854
OE
OB 35.72014192 20.2039982 H
OS 35.47985792 20.2039982
OS 35.25786192 20.11204512
OS 35.0879537 19.9421369
OS 34.99600062 19.7201409
OS 34.99600062 19.4798569
OS 35.0879537 19.2578609
OS 35.25786192 19.08795268
OS 35.47985792 18.9959996
OS 35.72014192 18.9959996
OS 35.94213792 19.08795268
OS 36.11204614 19.2578609
OS 36.20399922 19.4798569
OS 36.20399922 19.7201409
OS 36.11204614 19.9421369
OS 35.94213792 20.11204512
OS 35.72014192 20.2039982
OE
OB 19.7591426 20.0039986 H
OS 19.5188586 20.0039986
OS 19.2968626 19.91204552
OS 19.12695438 19.7421373
OS 19.0350013 19.5201413
OS 19.0350013 19.2798573
OS 19.12695438 19.0578613
OS 19.2968626 18.88795308
OS 19.5188586 18.796
OS 19.7591426 18.796
OS 19.9811386 18.88795308
OS 20.15104682 19.0578613
OS 20.2429999 19.2798573
OS 20.2429999 19.5201413
OS 20.15104682 19.7421373
OS 19.9811386 19.91204552
OS 19.7591426 20.0039986
OE
OB 14.42014134 20.70399974 H
OS 14.17985734 20.70399974
OS 13.95786134 20.61204666
OS 13.78795312 20.44213844
OS 13.69600004 20.22014244
OS 13.69600004 19.97985844
OS 13.78795312 19.75786244
OS 13.95786134 19.58795422
OS 14.1798548 19.49600114
OS 14.2586964 19.4064001
OS 14.25869894 19.3689986
OS 14.25869894 18.5936001
OS 14.74129894 18.5936001
OS 14.74129894 19.4064001
OS 14.53569356 19.4064001
OS 14.51043326 19.5334001
OS 14.64213734 19.58795422
OS 14.81204556 19.75786244
OS 14.90399864 19.97985844
OS 14.90399864 20.22014244
OS 14.81204556 20.44213844
OS 14.64213734 20.61204666
OS 14.42014134 20.70399974
OE
OB 37.34114198 19.56500024 H
OS 37.10085798 19.56500024
OS 36.87886198 19.47304716
OS 36.70895376 19.30313894
OS 36.61700068 19.08114294
OS 36.61700068 18.84085894
OS 36.70895376 18.61886294
OS 36.87886198 18.44895472
OS 37.10085798 18.35700164
OS 37.34114198 18.35700164
OS 37.56313798 18.44895472
OS 37.7330462 18.61886294
OS 37.82499928 18.84085894
OS 37.82499928 19.08114294
OS 37.7330462 19.30313894
OS 37.56313798 19.47304716
OS 37.34114198 19.56500024
OE
OB 12.08214246 19.3769996 H
OS 11.84185846 19.3769996
OS 11.61986246 19.28504652
OS 11.44995424 19.1151383
OS 11.35800116 18.8931423
OS 11.35800116 18.6528583
OS 11.44995424 18.4308623
OS 11.61986246 18.26095408
OS 11.84185846 18.169001
OS 12.08214246 18.169001
OS 12.30413846 18.26095408
OS 12.47404668 18.4308623
OS 12.56599976 18.6528583
OS 12.56599976 18.8931423
OS 12.47404668 19.1151383
OS 12.30413846 19.28504652
OS 12.08214246 19.3769996
OE
OB 8.34314308 19.7579996 H
OS 8.10285908 19.7579996
OS 7.88086308 19.66604652
OS 7.71095486 19.4961383
OS 7.61900178 19.2741423
OS 7.61900178 19.0338583
OS 7.71095486 18.8118623
OS 7.88086308 18.64195408
OS 7.9247238 18.623788
OS 7.9247238 18.49678546
OS 7.91086302 18.49104506
OS 7.7409548 18.32113684
OS 7.64900172 18.09914084
OS 7.64900172 17.85885684
OS 7.7409548 17.63686084
OS 7.91086302 17.46695262
OS 8.13285902 17.37499954
OS 8.37314302 17.37499954
OS 8.59513902 17.46695262
OS 8.76504724 17.63686084
OS 8.85700032 17.85885684
OS 8.85700032 18.09914084
OS 8.76504724 18.32113684
OS 8.59513902 18.49104506
OS 8.5512783 18.50921114
OS 8.5512783 18.63621368
OS 8.56513908 18.64195408
OS 8.7350473 18.8118623
OS 8.82700038 19.0338583
OS 8.82700038 19.2741423
OS 8.7350473 19.4961383
OS 8.56513908 19.66604652
OS 8.34314308 19.7579996
OE
OB 12.11414138 17.18999864 H
OS 11.87385738 17.18999864
OS 11.65186138 17.09804556
OS 11.48195316 16.92813734
OS 11.39000008 16.70614134
OS 11.39000008 16.46585734
OS 11.48195316 16.24386134
OS 11.65186138 16.07395312
OS 11.87385738 15.98200004
OS 12.11414138 15.98200004
OS 12.33613738 16.07395312
OS 12.5060456 16.24386134
OS 12.59799868 16.46585734
OS 12.59799868 16.70614134
OS 12.5060456 16.92813734
OS 12.33613738 17.09804556
OS 12.11414138 17.18999864
OE
OB 22.71914176 15.61599874 H
OS 22.47885776 15.61599874
OS 22.25686176 15.52404566
OS 22.08695354 15.35413744
OS 22.03307506 15.2240615
OS 21.99761412 15.2099645
OS 21.88755846 15.20462542
OS 21.74513812 15.34704576
OS 21.52314212 15.43899884
OS 21.28285812 15.43899884
OS 21.06086212 15.34704576
OS 20.8909539 15.17713754
OS 20.79900082 14.95514154
OS 20.79900082 14.71485754
OS 20.8909539 14.49286154
OS 21.06086212 14.32295332
OS 21.28285812 14.23100024
OS 21.52314212 14.23100024
OS 21.74513812 14.32295332
OS 21.91504634 14.49286154
OS 21.96892482 14.62293748
OS 22.00438576 14.63703448
OS 22.11444142 14.64237356
OS 22.25686176 14.49995322
OS 22.47885776 14.40800014
OS 22.71914176 14.40800014
OS 22.94113776 14.49995322
OS 23.11104598 14.66986144
OS 23.20299906 14.89185744
OS 23.20299906 15.13214144
OS 23.11104598 15.35413744
OS 22.94113776 15.52404566
OS 22.71914176 15.61599874
OE
OB 25.06514164 17.05799992 H
OS 24.82485764 17.05799992
OS 24.60286164 16.96604684
OS 24.43295342 16.79613862
OS 24.34100034 16.57414262
OS 24.34100034 16.33385862
OS 24.43295342 16.11186262
OS 24.48842194 16.0563941
OS 24.4883686 15.8770574
OS 24.40776424 15.79645304
OS 24.31581116 15.57445704
OS 24.31581116 15.33417304
OS 24.40776424 15.11217704
OS 24.57767246 14.94226882
OS 24.79966846 14.85031574
OS 25.03995246 14.85031574
OS 25.26194846 14.94226882
OS 25.43185668 15.11217704
OS 25.52380976 15.33417304
OS 25.52380976 15.57445704
OS 25.43185668 15.79645304
OS 25.37638816 15.85192156
OS 25.3764415 16.03125826
OS 25.45704586 16.11186262
OS 25.54899894 16.33385862
OS 25.54899894 16.57414262
OS 25.45704586 16.79613862
OS 25.28713764 16.96604684
OS 25.06514164 17.05799992
OE
OB 8.42014318 13.86333016 H
OS 8.17985918 13.86333016
OS 7.95786318 13.77137708
OS 7.78795496 13.60146886
OS 7.69600188 13.37947286
OS 7.69600188 13.13918886
OS 7.78795496 12.91719286
OS 7.95786318 12.74728464
OS 8.17985918 12.65533156
OS 8.42014318 12.65533156
OS 8.64213918 12.74728464
OS 8.8120474 12.91719286
OS 8.90400048 13.13918886
OS 8.90400048 13.37947286
OS 8.8120474 13.60146886
OS 8.64213918 13.77137708
OS 8.42014318 13.86333016
OE
OB 5.62014116 13.86333016 H
OS 5.37985716 13.86333016
OS 5.15786116 13.77137708
OS 4.98795294 13.60146886
OS 4.89599986 13.37947286
OS 4.89599986 13.13918886
OS 4.98795294 12.91719286
OS 5.15786116 12.74728464
OS 5.37985716 12.65533156
OS 5.62014116 12.65533156
OS 5.84213716 12.74728464
OS 6.01204538 12.91719286
OS 6.10399846 13.13918886
OS 6.10399846 13.37947286
OS 6.01204538 13.60146886
OS 5.84213716 13.77137708
OS 5.62014116 13.86333016
OE
OB 2.92014148 13.86333016 H
OS 2.67985748 13.86333016
OS 2.45786148 13.77137708
OS 2.28795326 13.60146886
OS 2.19600018 13.37947286
OS 2.19600018 13.13918886
OS 2.28795326 12.91719286
OS 2.45786148 12.74728464
OS 2.67985748 12.65533156
OS 2.92014148 12.65533156
OS 3.14213748 12.74728464
OS 3.3120457 12.91719286
OS 3.40399878 13.13918886
OS 3.40399878 13.37947286
OS 3.3120457 13.60146886
OS 3.14213748 13.77137708
OS 2.92014148 13.86333016
OE
OB 30.52014216 14.03299708 H
OS 30.27985816 14.03299708
OS 30.05786216 13.941044
OS 29.88795394 13.77113578
OS 29.79600086 13.54913978
OS 29.79600086 13.30885578
OS 29.88795394 13.08685978
OS 30.05786216 12.91695156
OS 30.27985816 12.82499848
OS 30.52014216 12.82499848
OS 30.54153404 12.83386054
OS 30.6380007 12.73635248
OS 30.6380007 12.51985812
OS 30.72995378 12.29786212
OS 30.899862 12.1279539
OS 31.121858 12.03600082
OS 31.362142 12.03600082
OS 31.584138 12.1279539
OS 31.75404622 12.29786212
OS 31.8459993 12.51985812
OS 31.8459993 12.76014212
OS 31.75404622 12.98213812
OS 31.584138 13.15204634
OS 31.362142 13.24399942
OS 31.121858 13.24399942
OS 31.10046612 13.23513736
OS 31.00399946 13.33264542
OS 31.00399946 13.54913978
OS 30.91204638 13.77113578
OS 30.74213816 13.941044
OS 30.52014216 14.03299708
OE
OB 35.53375672 11.36599962 H
OS 35.26623884 11.36599962
OS 35.00783702 11.29676176
OS 34.89999878 11.23450128
OS 34.79216054 11.29676176
OS 34.53375872 11.36599962
OS 34.26624084 11.36599962
OS 34.00783902 11.29676176
OS 33.77616054 11.16300282
OS 33.58699658 10.97383886
OS 33.45323764 10.74216038
OS 33.38399978 10.48375856
OS 33.38399978 10.21624068
OS 33.45323764 9.95783886
OS 33.50106584 9.8749993
OS 33.45323764 9.79215974
OS 33.38399978 9.53375792
OS 33.38399978 9.26624004
OS 33.45323764 9.00783822
OS 33.50106584 8.92499866
OS 33.45323764 8.8421591
OS 33.38399978 8.58375728
OS 33.38399978 8.3162394
OS 33.45323764 8.05783758
OS 33.58699658 7.8261591
OS 33.77616054 7.63699514
OS 34.00783902 7.5032362
OS 34.26624084 7.43399834
OS 34.53375872 7.43399834
OS 34.79216054 7.5032362
OS 34.89999878 7.56549668
OS 35.00783702 7.5032362
OS 35.26623884 7.43399834
OS 35.53375672 7.43399834
OS 35.79215854 7.5032362
OS 36.02383702 7.63699514
OS 36.21300098 7.8261591
OS 36.34675992 8.05783758
OS 36.41599778 8.3162394
OS 36.41599778 8.58375728
OS 36.34675992 8.8421591
OS 36.29893172 8.92499866
OS 36.34675992 9.00783822
OS 36.41599778 9.26624004
OS 36.41599778 9.53375792
OS 36.34675992 9.79215974
OS 36.29893172 9.8749993
OS 36.34675992 9.95783886
OS 36.41599778 10.21624068
OS 36.41599778 10.48375856
OS 36.34675992 10.74216038
OS 36.21300098 10.97383886
OS 36.02383702 11.16300282
OS 35.79215854 11.29676176
OS 35.53375672 11.36599962
OE
OB 38.50214296 12.36500194 H
OS 38.26185896 12.36500194
OS 38.03986296 12.27304886
OS 37.86995474 12.10314064
OS 37.77800166 11.88114464
OS 37.77800166 11.64086064
OS 37.86995474 11.41886464
OS 38.03986296 11.24895642
OS 38.26185896 11.15700334
OS 38.50214296 11.15700334
OS 38.72413896 11.24895642
OS 38.89404718 11.41886464
OS 38.98600026 11.64086064
OS 38.98600026 11.88114464
OS 38.89404718 12.10314064
OS 38.72413896 12.27304886
OS 38.50214296 12.36500194
OE
OB 20.53914104 12.10999864 H
OS 20.29885704 12.10999864
OS 20.07686104 12.01804556
OS 19.90695282 11.84813734
OS 19.81499974 11.62614134
OS 19.81499974 11.38585734
OS 19.90695282 11.16386134
OS 20.07686104 10.99395312
OS 20.29885704 10.90200004
OS 20.53914104 10.90200004
OS 20.76113704 10.99395312
OS 20.93104526 11.16386134
OS 21.02299834 11.38585734
OS 21.02299834 11.62614134
OS 20.93104526 11.84813734
OS 20.76113704 12.01804556
OS 20.53914104 12.10999864
OE
OB 11.92014126 12.00399936 H
OS 11.67985726 12.00399936
OS 11.45786126 11.91204628
OS 11.28795304 11.74213806
OS 11.19599996 11.52014206
OS 11.19599996 11.27985806
OS 11.28795304 11.05786206
OS 11.45786126 10.88795384
OS 11.67985726 10.79600076
OS 11.92014126 10.79600076
OS 12.14213726 10.88795384
OS 12.31204548 11.05786206
OS 12.40399856 11.27985806
OS 12.40399856 11.52014206
OS 12.31204548 11.74213806
OS 12.14213726 11.91204628
OS 11.92014126 12.00399936
OE
OB 5.72014096 11.56332968 H
OS 5.47985696 11.56332968
OS 5.25786096 11.4713766
OS 5.08795274 11.30146838
OS 4.99599966 11.07947238
OS 4.99599966 10.83918838
OS 5.08795274 10.61719238
OS 5.25786096 10.44728416
OS 5.47985696 10.35533108
OS 5.72014096 10.35533108
OS 5.94213696 10.44728416
OS 6.11204518 10.61719238
OS 6.20399826 10.83918838
OS 6.20399826 11.07947238
OS 6.11204518 11.30146838
OS 5.94213696 11.4713766
OS 5.72014096 11.56332968
OE
OB 2.92014148 11.56332968 H
OS 2.67985748 11.56332968
OS 2.45786148 11.4713766
OS 2.28795326 11.30146838
OS 2.19600018 11.07947238
OS 2.19600018 10.83918838
OS 2.28795326 10.61719238
OS 2.45786148 10.44728416
OS 2.67985748 10.35533108
OS 2.92014148 10.35533108
OS 3.14213748 10.44728416
OS 3.3120457 10.61719238
OS 3.40399878 10.83918838
OS 3.40399878 11.07947238
OS 3.3120457 11.30146838
OS 3.14213748 11.4713766
OS 2.92014148 11.56332968
OE
OB 14.54129934 10.90639932 H
OS 14.05869934 10.90639932
OS 14.05869934 10.09359932
OS 14.54129934 10.09359932
OS 14.54129934 10.90639932
OE
OB 26.66214124 10.44699968 H
OS 26.42185724 10.44699968
OS 26.19986124 10.3550466
OS 26.02995302 10.18513838
OS 25.93799994 9.96314238
OS 25.93799994 9.72285838
OS 26.02995302 9.50086238
OS 26.19986124 9.33095416
OS 26.42185724 9.23900108
OS 26.66214124 9.23900108
OS 26.88413724 9.33095416
OS 27.05404546 9.50086238
OS 27.14599854 9.72285838
OS 27.14599854 9.96314238
OS 27.05404546 10.18513838
OS 26.88413724 10.3550466
OS 26.66214124 10.44699968
OE
OB 31.8201421 11.20399842 H
OS 31.5798581 11.20399842
OS 31.3578621 11.11204534
OS 31.18795388 10.94213712
OS 31.0960008 10.72014112
OS 31.0960008 10.47985712
OS 31.18795388 10.25786112
OS 31.3578621 10.0879529
OS 31.56737908 10.00116872
OS 31.59437674 9.94325164
OS 31.61481612 9.86899982
OS 31.48795328 9.74213698
OS 31.3960002 9.52014098
OS 31.3960002 9.27985698
OS 31.48795328 9.05786098
OS 31.6578615 8.88795276
OS 31.8798575 8.79599968
OS 32.1201415 8.79599968
OS 32.3421375 8.88795276
OS 32.51204572 9.05786098
OS 32.6039988 9.27985698
OS 32.6039988 9.52014098
OS 32.51204572 9.74213698
OS 32.3421375 9.9120452
OS 32.13262052 9.99882938
OS 32.10562286 10.05674646
OS 32.08518348 10.13099828
OS 32.21204632 10.25786112
OS 32.3039994 10.47985712
OS 32.3039994 10.72014112
OS 32.21204632 10.94213712
OS 32.0421381 11.11204534
OS 31.8201421 11.20399842
OE
OB 8.52014298 9.363329 H
OS 8.27985898 9.363329
OS 8.05786298 9.27137592
OS 7.88795476 9.1014677
OS 7.79600168 8.8794717
OS 7.79600168 8.6391877
OS 7.88795476 8.4171917
OS 8.05786298 8.24728348
OS 8.27985898 8.1553304
OS 8.52014298 8.1553304
OS 8.74213898 8.24728348
OS 8.9120472 8.4171917
OS 9.00400028 8.6391877
OS 9.00400028 8.8794717
OS 8.9120472 9.1014677
OS 8.74213898 9.27137592
OS 8.52014298 9.363329
OE
OB 5.82014076 9.363329 H
OS 5.57985676 9.363329
OS 5.35786076 9.27137592
OS 5.18795254 9.1014677
OS 5.09599946 8.8794717
OS 5.09599946 8.6391877
OS 5.18795254 8.4171917
OS 5.35786076 8.24728348
OS 5.57985676 8.1553304
OS 5.82014076 8.1553304
OS 6.04213676 8.24728348
OS 6.21204498 8.4171917
OS 6.30399806 8.6391877
OS 6.30399806 8.8794717
OS 6.21204498 9.1014677
OS 6.04213676 9.27137592
OS 5.82014076 9.363329
OE
OB 3.02014128 9.363329 H
OS 2.77985728 9.363329
OS 2.55786128 9.27137592
OS 2.38795306 9.1014677
OS 2.29599998 8.8794717
OS 2.29599998 8.6391877
OS 2.38795306 8.4171917
OS 2.55786128 8.24728348
OS 2.77985728 8.1553304
OS 3.02014128 8.1553304
OS 3.24213728 8.24728348
OS 3.4120455 8.4171917
OS 3.50399858 8.6391877
OS 3.50399858 8.8794717
OS 3.4120455 9.1014677
OS 3.24213728 9.27137592
OS 3.02014128 9.363329
OE
OB 28.98314244 7.40899966 H
OS 28.74285844 7.40899966
OS 28.52086244 7.31704658
OS 28.35095422 7.14713836
OS 28.25900114 6.92514236
OS 28.25900114 6.68485836
OS 28.35095422 6.46286236
OS 28.52086244 6.29295414
OS 28.74285844 6.20100106
OS 28.98314244 6.20100106
OS 29.20513844 6.29295414
OS 29.37504666 6.46286236
OS 29.46699974 6.68485836
OS 29.46699974 6.92514236
OS 29.37504666 7.14713836
OS 29.20513844 7.31704658
OS 28.98314244 7.40899966
OE
OB 8.62014278 7.16333086 H
OS 8.37985878 7.16333086
OS 8.15786278 7.07137778
OS 7.98795456 6.90146956
OS 7.89600148 6.67947356
OS 7.89600148 6.43918956
OS 7.98795456 6.21719356
OS 8.15786278 6.04728534
OS 8.37985878 5.95533226
OS 8.62014278 5.95533226
OS 8.84213878 6.04728534
OS 9.012047 6.21719356
OS 9.10400008 6.43918956
OS 9.10400008 6.67947356
OS 9.012047 6.90146956
OS 8.84213878 7.07137778
OS 8.62014278 7.16333086
OE
OB 5.9201431 7.06332852 H
OS 5.6798591 7.06332852
OS 5.4578631 6.97137544
OS 5.28795488 6.80146722
OS 5.1960018 6.57947122
OS 5.1960018 6.33918722
OS 5.28795488 6.11719122
OS 5.4578631 5.947283
OS 5.6798591 5.85532992
OS 5.9201431 5.85532992
OS 6.1421391 5.947283
OS 6.31204732 6.11719122
OS 6.4040004 6.33918722
OS 6.4040004 6.57947122
OS 6.31204732 6.80146722
OS 6.1421391 6.97137544
OS 5.9201431 7.06332852
OE
OB 3.12014108 7.06332852 H
OS 2.87985708 7.06332852
OS 2.65786108 6.97137544
OS 2.48795286 6.80146722
OS 2.39599978 6.57947122
OS 2.39599978 6.33918722
OS 2.48795286 6.11719122
OS 2.65786108 5.947283
OS 2.87985708 5.85532992
OS 3.12014108 5.85532992
OS 3.34213708 5.947283
OS 3.5120453 6.11719122
OS 3.60399838 6.33918722
OS 3.60399838 6.57947122
OS 3.5120453 6.80146722
OS 3.34213708 6.97137544
OS 3.12014108 7.06332852
OE
OB 13.52014314 6.45399776 H
OS 13.27985914 6.45399776
OS 13.05786314 6.36204468
OS 12.88795492 6.19213646
OS 12.79600184 5.97014046
OS 12.79600184 5.72985646
OS 12.88795492 5.50786046
OS 13.05786314 5.33795224
OS 13.27985914 5.24599916
OS 13.52014314 5.24599916
OS 13.74213914 5.33795224
OS 13.91204736 5.50786046
OS 14.00400044 5.72985646
OS 14.00400044 5.97014046
OS 13.91204736 6.19213646
OS 13.74213914 6.36204468
OS 13.52014314 6.45399776
OE
OB 32.74290124 5.70639956 H
OS 32.05710124 5.70639956
OS 32.05710124 4.89359956
OS 32.74290124 4.89359956
OS 32.74290124 5.70639956
OE
OB 28.62014088 5.90399886 H
OS 28.37985688 5.90399886
OS 28.15786088 5.81204578
OS 27.98795266 5.64213756
OS 27.89599958 5.42014156
OS 27.89599958 5.17985756
OS 27.98795266 4.95786156
OS 28.15786088 4.78795334
OS 28.37985688 4.69600026
OS 28.62014088 4.69600026
OS 28.84213688 4.78795334
OS 29.0120451 4.95786156
OS 29.10399818 5.17985756
OS 29.10399818 5.42014156
OS 29.0120451 5.64213756
OS 28.84213688 5.81204578
OS 28.62014088 5.90399886
OE
OB 32.74290124 4.10640022 H
OS 32.05710124 4.10640022
OS 32.05710124 3.29360022
OS 32.74290124 3.29360022
OS 32.74290124 4.10640022
OE
OB 15.19919744 4.34920136 H
OS 14.00080004 4.34920136
OS 14.00080004 3.25079868
OS 15.19919744 3.25079868
OS 15.19919744 4.34920136
OE
OB 11.99919876 4.34920136 H
OS 10.80080136 4.34920136
OS 10.80080136 3.25079868
OS 11.99919876 3.25079868
OS 11.99919876 4.34920136
OE
OB 25.3201424 3.30399898 H
OS 25.0798584 3.30399898
OS 24.8578624 3.2120459
OS 24.68795418 3.04213768
OS 24.5960011 2.82014168
OS 24.5960011 2.57985768
OS 24.68795418 2.35786168
OS 24.8578624 2.18795346
OS 25.0798584 2.09600038
OS 25.3201424 2.09600038
OS 25.5421384 2.18795346
OS 25.71204662 2.35786168
OS 25.8039997 2.57985768
OS 25.8039997 2.82014168
OS 25.71204662 3.04213768
OS 25.5421384 3.2120459
OS 25.3201424 3.30399898
OE
OB 16.52014222 3.30399898 H
OS 16.27985822 3.30399898
OS 16.05786222 3.2120459
OS 15.887954 3.04213768
OS 15.79600092 2.82014168
OS 15.79600092 2.57985768
OS 15.887954 2.35786168
OS 16.05786222 2.18795346
OS 16.27985822 2.09600038
OS 16.52014222 2.09600038
OS 16.74213822 2.18795346
OS 16.91204644 2.35786168
OS 17.00399952 2.57985768
OS 17.00399952 2.82014168
OS 16.91204644 3.04213768
OS 16.74213822 3.2120459
OS 16.52014222 3.30399898
OE
OB 36.92014206 3.00399958 H
OS 36.67985806 3.00399958
OS 36.45786206 2.9120465
OS 36.28795384 2.74213828
OS 36.19600076 2.52014228
OS 36.19600076 2.27985828
OS 36.28795384 2.05786228
OS 36.45786206 1.88795406
OS 36.67985806 1.79600098
OS 36.92014206 1.79600098
OS 37.14213806 1.88795406
OS 37.31204628 2.05786228
OS 37.40399936 2.27985828
OS 37.40399936 2.52014228
OS 37.31204628 2.74213828
OS 37.14213806 2.9120465
OS 36.92014206 3.00399958
OE
SE
