UNITS=MM
#Layer_Physical_Order=2
#Layer_Color=36540
#
#Feature symbol names
#
$0 r355.6
$1 r202.946

#
#Feature attribute names
#
@0 .geometry
@1 .pad_usage

#
#Feature attribute text strings
#

#
#Layer features
#
L 41.47439 25.28485418 42.08399 25.28485418 0 P 0
L 42.08399 25.28485418 42.69359 25.28485418 1 P 0
L 42.69359 25.28485418 42.70837534 22.61417118 1 P 0
L 42.70837534 22.61417118 44.1045981 17.46051626 1 P 0
L 43.048428 27.91076714 43.06321334 22.66088686 1 P 0
L 43.048428 27.91076714 44.39392442 32.98934728 1 P 0
L 43.06321334 22.66088686 44.4352553 17.59747814 1 P 0
L 43.403266 27.86405146 43.41805134 22.70760254 1 P 0
L 43.403266 27.86405146 44.72457908 32.8523854 1 P 0
L 43.41805134 22.70760254 44.7659125 17.73444256 1 P 0
L 43.758104 27.81733578 43.77288934 22.75431822 1 P 0
L 43.758104 27.81733578 45.05523628 32.71542352 1 P 0
L 43.77288934 22.75431822 45.09656716 17.87140444 1 P 0
L 44.1045981 17.46051626 46.78516424 12.84720824 1 P 0
L 44.112942 27.7706201 44.12772734 22.80103136 1 P 0
L 44.112942 27.7706201 45.38589348 32.57846164 1 P 0
L 44.12772734 22.80103136 45.42722436 18.00836632 1 P 0
L 44.39392442 32.98934728 47.0099517 37.5500138 1 P 0
L 44.4352553 17.59747814 47.06910576 13.06508436 1 P 0
L 44.46778 27.72390442 44.48256534 22.84774704 1 P 0
L 44.46778 27.72390442 45.71654814 32.44149976 1 P 0
L 44.48256534 22.84774704 45.75788156 18.1453282 1 P 0
L 44.72457908 32.8523854 47.29389322 37.33213768 1 P 0
L 44.7659125 17.73444256 47.35304728 13.28296048 1 P 0
L 44.822618 27.67718874 44.83740334 22.89446272 1 P 0
L 44.822618 27.67718874 46.04720534 32.30453534 1 P 0
L 44.83740334 22.89446272 46.08853622 18.28229008 1 P 0
L 45.05523628 32.71542352 47.57783474 37.11426156 1 P 0
L 45.09656716 17.87140444 47.6369888 13.5008366 1 P 0
L 45.177456 27.6304756 45.19224134 22.9411784 1 P 0
L 45.177456 27.6304756 46.37786254 32.16757346 1 P 0
L 45.19224134 22.9411784 46.41919342 18.41925196 1 P 0
L 45.38589348 32.57846164 47.86177626 36.89638544 1 P 0
L 45.42722436 18.00836632 47.92093032 13.71871272 1 P 0
L 45.532294 27.58375992 45.54707934 22.98789408 1 P 0
L 45.532294 27.58375992 46.7085172 32.03061158 1 P 0
L 45.54707934 22.98789408 46.74985062 18.55621638 1 P 0
L 45.71654814 32.44149976 48.14571524 36.67850932 1 P 0
L 45.75788156 18.1453282 48.20487184 13.9365863 1 P 0
L 45.887132 27.53704424 45.90191734 23.03460976 1 P 0
L 45.887132 27.53704424 47.0391744 31.8936497 1 P 0
L 45.90191734 23.03460976 47.08050528 18.69317826 1 P 0
L 46.04720534 32.30453534 48.42965676 36.4606332 1 P 0
L 46.08853622 18.28229008 48.48881082 14.15446242 1 P 0
L 46.24197 27.49032856 46.25675534 23.08132544 1 P 0
L 46.24197 27.49032856 47.3698316 31.75668782 1 P 0
L 46.25675534 23.08132544 47.41116248 18.83014014 1 P 0
L 46.37786254 32.16757346 48.71359828 36.24275962 1 P 0
L 46.41919342 18.41925196 48.77275234 14.37233854 1 P 0
L 46.596808 27.44361288 46.61159334 23.12803858 1 P 0
L 46.596808 27.44361288 47.70048626 31.6197234 1 P 0
L 46.61159334 23.12803858 47.74181968 18.96710202 1 P 0
L 46.7085172 32.03061158 48.9975398 36.0248835 1 P 0
L 46.74985062 18.55621638 49.05669386 14.59021466 1 P 0
L 46.78516424 12.84720824 50.56565198 9.08762978 1 P 0
L 46.951646 27.3968972 46.96643134 23.17475426 1 P 0
L 46.951646 27.3968972 48.03114346 31.48276152 1 P 0
L 46.96643134 23.17475426 48.07247434 19.1040639 1 P 0
L 47.0099517 37.5500138 50.71998238 41.28095122 1 P 0
L 47.0391744 31.8936497 49.28148132 35.80700738 1 P 0
L 47.06910576 13.06508436 50.7835281 9.3715713 1 P 0
L 47.08050528 18.69317826 49.34063538 14.80809078 1 P 0
L 47.29389322 37.33213768 50.93785596 40.9970097 1 P 0
L 47.306484 27.35018406 47.32126934 23.22146994 1 P 0
L 47.306484 27.35018406 48.36180066 31.34579964 1 P 0
L 47.32126934 23.22146994 48.40313154 19.24102832 1 P 0
L 47.35304728 13.28296048 51.00140422 9.65551282 1 P 0
L 47.3698316 31.75668782 49.56542284 35.58913126 1 P 0
L 47.41116248 18.83014014 49.6245769 15.02596436 1 P 0
L 47.57783474 37.11426156 51.15573208 40.71306818 1 P 0
L 47.6369888 13.5008366 51.21928034 9.93945434 1 P 0
L 47.661322 27.30346838 47.67610734 23.26818562 1 P 0
L 47.661322 27.30346838 48.69245532 31.20883776 1 P 0
L 47.67610734 23.26818562 48.73378874 19.3779902 1 P 0
L 47.70048626 31.6197234 49.84936182 35.37125514 1 P 0
L 47.74181968 18.96710202 49.90851588 15.24384048 1 P 0
L 47.86177626 36.89638544 51.3736082 40.42912666 1 P 0
L 47.92093032 13.71871272 51.43715646 10.22339586 1 P 0
L 48.01616 27.2567527 48.03094534 23.3149013 1 P 0
L 48.01616 27.2567527 49.02311252 31.07187588 1 P 0
L 48.03094534 23.3149013 49.0644434 19.51495208 1 P 0
L 48.03114346 31.48276152 50.13330334 35.15338156 1 P 0
L 48.07247434 19.1040639 50.1924574 15.4617166 1 P 0
L 48.14571524 36.67850932 51.59148432 40.14518768 1 P 0
L 48.20487184 13.9365863 51.65503004 10.50733484 1 P 0
L 48.36180066 31.34579964 50.41724486 34.93550544 1 P 0
L 48.370998 27.21003702 48.38578334 23.36161698 1 P 0
L 48.370998 27.21003702 49.35376972 30.93491146 1 P 0
L 48.38578334 23.36161698 49.3951006 19.65191396 1 P 0
L 48.40313154 19.24102832 50.47639892 15.67959272 1 P 0
L 48.42965676 36.4606332 51.80936044 39.86124616 1 P 0
L 48.48881082 14.15446242 51.87290616 10.79127636 1 P 0
L 48.69245532 31.20883776 50.70118638 34.71762932 1 P 0
L 48.71359828 36.24275962 52.02723402 39.57730464 1 P 0
L 48.725836 27.16332134 48.74062134 23.40833266 1 P 0
L 48.725836 27.16332134 49.68442438 30.79794958 1 P 0
L 48.73378874 19.3779902 50.76034044 15.89746884 1 P 0
L 48.74062134 23.40833266 49.7257578 19.78887584 1 P 0
L 48.77275234 14.37233854 52.09078228 11.07521788 1 P 0
L 48.9975398 36.0248835 52.24511014 39.29336312 1 P 0
L 49.02311252 31.07187588 50.9851279 34.4997532 1 P 0
L 49.05669386 14.59021466 52.3086584 11.3591594 1 P 0
L 49.0644434 19.51495208 51.04428196 16.11534496 1 P 0
L 49.080674 27.11660566 49.09545934 23.4550458 1 P 0
L 49.080674 27.11660566 50.01508158 30.6609877 1 P 0
L 49.09545934 23.4550458 50.05641246 19.92583772 1 P 0
L 49.28148132 35.80700738 52.46298626 39.0094216 1 P 0
L 49.34063538 14.80809078 52.52653452 11.64310092 1 P 0
L 49.35376972 30.93491146 51.26906688 34.28187708 1 P 0
L 49.3951006 19.65191396 51.32822348 16.33321854 1 P 0
L 49.435512 27.06988998 49.45029734 23.50176148 1 P 0
L 49.435512 27.06988998 50.34573878 30.52402582 1 P 0
L 49.45029734 23.50176148 50.38706966 20.06280214 1 P 0
L 49.56542284 35.58913126 52.68086238 38.72548262 1 P 0
L 49.6245769 15.02596436 52.7444081 11.92704244 1 P 0
L 49.68442438 30.79794958 51.5530084 34.0640035 1 P 0
L 49.7257578 19.78887584 51.61216246 16.55109466 1 P 0
L 49.79035 27.02317684 49.80513534 23.54847716 1 P 0
L 49.79035 27.02317684 50.67639344 30.38706394 1 P 0
L 49.80513534 23.54847716 50.71772686 20.19976402 1 P 0
L 49.84936182 35.37125514 52.8987385 38.4415411 1 P 0
L 49.90851588 15.24384048 52.96228422 12.21098142 1 P 0
L 50.01508158 30.6609877 51.83694992 33.84612738 1 P 0
L 50.05641246 19.92583772 51.89610398 16.76897078 1 P 0
L 50.13330334 35.15338156 53.11661462 38.15759958 1 P 0
L 50.145188 26.97646116 50.15997334 23.59519284 1 P 0
L 50.145188 26.97646116 51.00705064 30.25010206 1 P 0
L 50.15997334 23.59519284 51.04838406 20.3367259 1 P 0
L 50.1924574 15.4617166 53.18016034 12.49492294 1 P 0
L 50.34573878 30.52402582 52.12089144 33.62825126 1 P 0
L 50.38706966 20.06280214 52.1800455 16.9868469 1 P 0
L 50.41724486 34.93550544 53.3344882 37.87365806 1 P 0
L 50.47639892 15.67959272 53.39803646 12.77886446 1 P 0
L 50.500026 26.92974548 50.51481134 23.64190852 1 P 0
L 50.500026 26.92974548 51.33770784 30.11313764 1 P 0
L 50.51481134 23.64190852 51.37903872 20.47368778 1 P 0
L 50.56565198 9.08762978 55.18700164 6.43656574 1 P 0
L 50.67639344 30.38706394 52.40483296 33.41037514 1 P 0
L 50.70118638 34.71762932 53.55236432 37.58971654 1 P 0
L 50.71772686 20.19976402 52.46398702 17.20472302 1 P 0
L 50.71998238 41.28095122 55.27260472 43.9264806 1 P 0
L 50.76034044 15.89746884 53.61591258 13.06280598 1 P 0
L 50.7835281 9.3715713 55.32396352 6.76722294 1 P 0
L 50.854864 26.8830298 50.86964934 23.6886242 1 P 0
L 50.854864 26.8830298 51.6683625 29.97617576 1 P 0
L 50.86964934 23.6886242 51.70969592 20.61064966 1 P 0
L 50.93785596 40.9970097 55.4095666 43.5958234 1 P 0
L 50.9851279 34.4997532 53.77024044 37.30577502 1 P 0
L 51.00140422 9.65551282 55.46092794 7.0978776 1 P 0
L 51.00705064 30.25010206 52.68877448 33.19249902 1 P 0
L 51.04428196 16.11534496 53.8337887 13.3467475 1 P 0
L 51.04838406 20.3367259 52.74792854 17.4225966 1 P 0
L 51.15573208 40.71306818 55.54652848 43.26516874 1 P 0
L 51.209702 26.83631412 51.22448734 23.73533988 1 P 0
L 51.209702 26.83631412 51.9990197 29.83921388 1 P 0
L 51.21928034 9.93945434 55.59788982 7.4285348 1 P 0
L 51.22448734 23.73533988 52.04035312 20.74761408 1 P 0
L 51.26906688 34.28187708 53.98811656 37.02183604 1 P 0
L 51.32822348 16.33321854 54.05166228 13.63068902 1 P 0
L 51.33770784 30.11313764 52.97271346 32.9746229 1 P 0
L 51.3736082 40.42912666 55.68349036 42.93451154 1 P 0
L 51.37903872 20.47368778 53.03187006 17.64047272 1 P 0
L 51.43715646 10.22339586 55.7348517 7.759192 1 P 0
L 51.5530084 34.0640035 54.20599268 36.73789452 1 P 0
L 51.56454 26.78959844 51.57932534 23.78205302 1 P 0
L 51.56454 26.78959844 52.3296769 29.702252 1 P 0
L 51.57932534 23.78205302 52.37100778 20.88457596 1 P 0
L 51.59148432 40.14518768 55.82045224 42.60385434 1 P 0
L 51.61216246 16.55109466 54.2695384 13.914628 1 P 0
L 51.65503004 10.50733484 55.87181358 8.08984666 1 P 0
L 51.6683625 29.97617576 53.25665498 32.75674932 1 P 0
L 51.70969592 20.61064966 53.31580904 17.85834884 1 P 0
L 51.80936044 39.86124616 55.95741666 42.27319968 1 P 0
L 51.83694992 33.84612738 54.42386626 36.453953 1 P 0
L 51.87290616 10.79127636 56.00877546 8.42050386 1 P 0
L 51.89610398 16.76897078 54.48741452 14.19856952 1 P 0
L 51.919378 26.74288276 51.93416334 23.8287687 1 P 0
L 51.919378 26.74288276 52.66033156 29.56529012 1 P 0
L 51.93416334 23.8287687 52.70166498 21.02153784 1 P 0
L 51.9990197 29.83921388 53.5405965 32.5388732 1 P 0
L 52.02723402 39.57730464 56.09437854 41.94254248 1 P 0
L 52.04035312 20.74761408 53.59975056 18.07622496 1 P 0
L 52.09078228 11.07521788 56.14573988 8.75116106 1 P 0
L 52.12089144 33.62825126 54.64174238 36.17001148 1 P 0
L 52.1800455 16.9868469 54.70529064 14.48251104 1 P 0
L 52.24511014 39.29336312 56.23134042 41.61188528 1 P 0
L 52.274216 26.69616962 52.28900134 23.87548438 1 P 0
L 52.274216 26.69616962 52.99098876 29.4283257 1 P 0
L 52.28900134 23.87548438 53.03232218 21.15849972 1 P 0
L 52.3086584 11.3591594 56.28270176 9.08181572 1 P 0
L 52.3296769 29.702252 53.82453802 32.32099708 1 P 0
L 52.37100778 20.88457596 53.88369208 18.29410108 1 P 0
L 52.40483296 33.41037514 54.8596185 35.88606996 1 P 0
L 52.46298626 39.0094216 56.3683023 41.28123062 1 P 0
L 52.46398702 17.20472302 54.92316676 14.76645256 1 P 0
L 52.52653452 11.64310092 56.41966364 9.41247292 1 P 0
L 52.629054 26.64945394 52.64383934 23.92220006 1 P 0
L 52.629054 26.64945394 53.32164596 29.29136382 1 P 0
L 52.64383934 23.92220006 53.36297684 21.2954616 1 P 0
L 52.66033156 29.56529012 54.10847954 32.10312096 1 P 0
L 52.68086238 38.72548262 56.50526418 40.95057342 1 P 0
L 52.68877448 33.19249902 55.07749462 35.60212844 1 P 0
L 52.70166498 21.02153784 54.1676336 18.51197466 1 P 0
L 52.7444081 11.92704244 56.55662552 9.74313012 1 P 0
L 52.74792854 17.4225966 55.14104034 15.05039408 1 P 0
L 52.8987385 38.4415411 56.6422286 40.61991622 1 P 0
L 52.96228422 12.21098142 56.6935874 10.07378478 1 P 0
L 52.97271346 32.9746229 55.29537074 35.31818946 1 P 0
L 52.983892 26.60273826 52.99867734 23.96891574 1 P 0
L 52.983892 26.60273826 53.65230062 29.15440194 1 P 0
L 52.99098876 29.4283257 54.39241852 31.88524484 1 P 0
L 52.99867734 23.96891574 53.69363404 21.43242602 1 P 0
L 53.03187006 17.64047272 55.35891646 15.33433306 1 P 0
L 53.03232218 21.15849972 54.45157512 18.72985078 1 P 0
L 53.11661462 38.15759958 56.77919048 40.28926156 1 P 0
L 53.18016034 12.49492294 56.83055182 10.40444198 1 P 0
L 53.25665498 32.75674932 55.51324432 35.03424794 1 P 0
L 53.31580904 17.85834884 55.57679258 15.61827458 1 P 0
L 53.32164596 29.29136382 54.67636004 31.66737126 1 P 0
L 53.3344882 37.87365806 56.91615236 39.95860436 1 P 0
L 53.33873 26.55602258 53.35351534 24.01563142 1 P 0
L 53.33873 26.55602258 53.98295782 29.01744006 1 P 0
L 53.35351534 24.01563142 54.02429124 21.5693879 1 P 0
L 53.36297684 21.2954616 54.7355141 18.9477269 1 P 0
L 53.39803646 12.77886446 56.9675137 10.73509918 1 P 0
L 53.5405965 32.5388732 55.73112044 34.75030642 1 P 0
L 53.55236432 37.58971654 57.05311424 39.62794716 1 P 0
L 53.59975056 18.07622496 55.7946687 15.9022161 1 P 0
L 53.61591258 13.06280598 57.10447558 11.06575384 1 P 0
L 53.65230062 29.15440194 54.96030156 31.44949514 1 P 0
L 53.693568 26.5093069 53.70835334 24.0623471 1 P 0
L 53.693568 26.5093069 54.31361502 28.88047818 1 P 0
L 53.69363404 21.43242602 55.01945562 19.16560302 1 P 0
L 53.70835334 24.0623471 54.3549459 21.70634978 1 P 0
L 53.77024044 37.30577502 57.19007612 39.2972925 1 P 0
L 53.82453802 32.32099708 55.94899656 34.4663649 1 P 0
L 53.8337887 13.3467475 57.24143746 11.39641104 1 P 0
L 53.88369208 18.29410108 56.01254482 16.18615762 1 P 0
L 53.98295782 29.01744006 55.24424308 31.23161902 1 P 0
L 53.98811656 37.02183604 57.327038 38.9666353 1 P 0
L 54.02429124 21.5693879 55.30339714 19.38347914 1 P 0
L 54.048406 26.46259122 54.06319134 24.10906024 1 P 0
L 54.048406 26.46259122 54.64426968 28.7435163 1 P 0
L 54.05166228 13.63068902 57.37839934 11.72706824 1 P 0
L 54.06319134 24.10906024 54.6856031 21.84331166 1 P 0
L 54.10847954 32.10312096 56.16687268 34.18242338 1 P 0
L 54.1676336 18.51197466 56.2304184 16.47009914 1 P 0
L 54.20599268 36.73789452 57.46400242 38.6359781 1 P 0
L 54.2695384 13.914628 57.51536122 12.0577229 1 P 0
L 54.31361502 28.88047818 55.5281846 31.0137429 1 P 0
L 54.3549459 21.70634978 55.58733866 19.60135526 1 P 0
L 54.39241852 31.88524484 56.3847488 33.8984844 1 P 0
L 54.403244 26.41587554 54.41802934 24.15577592 1 P 0
L 54.403244 26.41587554 54.97492688 28.60655188 1 P 0
L 54.41802934 24.15577592 55.0162603 21.98027354 1 P 0
L 54.42386626 36.453953 57.6009643 38.30532344 1 P 0
L 54.45157512 18.72985078 56.44829452 16.75404066 1 P 0
L 54.48741452 14.19856952 57.65232564 12.3883801 1 P 0
L 54.64174238 36.17001148 57.73792618 37.97466624 1 P 0
L 54.64426968 28.7435163 55.81212612 30.79586678 1 P 0
L 54.67636004 31.66737126 56.60262492 33.61454288 1 P 0
L 54.6856031 21.84331166 55.87128018 19.81922884 1 P 0
L 54.70529064 14.48251104 57.78928752 12.7190373 1 P 0
L 54.7355141 18.9477269 56.66617064 17.03797964 1 P 0
L 54.758082 26.3691624 54.77286734 24.2024916 1 P 0
L 54.758082 26.3691624 55.30558408 28.46959 1 P 0
L 54.77286734 24.2024916 55.34691496 22.11723542 1 P 0
L 54.8596185 35.88606996 57.87488806 37.64400904 1 P 0
L 54.92316676 14.76645256 57.9262494 13.04969196 1 P 0
L 54.96030156 31.44949514 56.8204985 33.33060136 1 P 0
L 54.97492688 28.60655188 56.0960651 30.5779932 1 P 0
L 55.0162603 21.98027354 56.1552217 20.03710496 1 P 0
L 55.01945562 19.16560302 56.88404676 17.32192116 1 P 0
L 55.07749462 35.60212844 58.01184994 37.31335438 1 P 0
L 55.11292 26.32244672 55.12770534 24.24920728 1 P 0
L 55.11292 26.32244672 55.63623874 28.33262812 1 P 0
L 55.12770534 24.24920728 55.67757216 22.25419984 1 P 0
L 55.14104034 15.05039408 58.06321128 13.38034916 1 P 0
L 55.18700164 6.43656574 60.33327024 5.07293372 1 P 0
L 55.24424308 31.23161902 57.03837462 33.04665984 1 P 0
L 55.27260472 43.9264806 60.35857372 45.30456776 1 P 0
L 55.29537074 35.31818946 58.14881436 36.98269718 1 P 0
L 55.30339714 19.38347914 57.10192288 17.60586268 1 P 0
L 55.30558408 28.46959 56.38000662 30.36011708 1 P 0
L 55.32396352 6.76722294 60.37998338 5.42777172 1 P 0
L 55.34691496 22.11723542 56.43916068 20.25498108 1 P 0
L 55.35891646 15.33433306 58.20017316 13.71100636 1 P 0
L 55.4095666 43.5958234 60.4052894 44.94972976 1 P 0
L 55.46092794 7.0978776 60.42669906 5.78260972 1 P 0
L 55.467758 26.27573104 55.48254334 25.28485418 1 P 0
L 55.467758 26.27573104 55.96689594 28.19566624 1 P 0
L 55.48254334 25.28485418 56.05305782 25.28485418 1 P 0
L 55.51324432 35.03424794 58.28577624 36.65203998 1 P 0
L 55.5281846 31.0137429 57.25625074 32.76271832 1 P 0
L 55.54652848 43.26516874 60.45200508 44.59489176 1 P 0
L 55.57679258 15.61827458 58.33713758 14.04166102 1 P 0
L 55.58733866 19.60135526 57.31979646 17.8898042 1 P 0
L 55.59788982 7.4285348 60.47341474 6.13744772 1 P 0
L 55.63623874 28.33262812 56.66394814 30.14224096 1 P 0
L 55.67757216 22.25419984 56.7231022 20.4728572 1 P 0
L 55.68349036 42.93451154 60.49871822 44.24005376 1 P 0
L 55.73112044 34.75030642 58.42273812 36.32138532 1 P 0
L 55.7348517 7.759192 60.52013042 6.49228572 1 P 0
L 55.7946687 15.9022161 58.47409946 14.37231822 1 P 0
L 55.81212612 30.79586678 57.47412686 32.4787768 1 P 0
L 55.82045224 42.60385434 60.5454339 43.88521576 1 P 0
L 55.87128018 19.81922884 57.53767258 18.17374572 1 P 0
L 55.87181358 8.08984666 60.5668461 6.84712372 1 P 0
L 55.94899656 34.4663649 58.5597 35.99072812 1 P 0
L 55.95741666 42.27319968 60.59214958 43.53037776 1 P 0
L 55.96689594 28.19566624 56.94788966 29.92436484 1 P 0
L 56.00877546 8.42050386 60.61356178 7.20196172 1 P 0
L 56.01254482 16.18615762 58.61106134 14.70297542 1 P 0
L 56.05305782 25.28485418 56.6235723 26.04685418 0 P 0
L 56.09437854 41.94254248 60.63886526 43.17553976 1 P 0
L 56.0960651 30.5779932 57.69200298 32.19483782 1 P 0
L 56.14573988 8.75116106 60.66027746 7.55679972 1 P 0
L 56.1552217 20.03710496 57.7555487 18.4576847 1 P 0
L 56.16687268 34.18242338 58.69666188 35.66007092 1 P 0
L 56.2304184 16.47009914 58.74802322 15.03363008 1 P 0
L 56.23134042 41.61188528 60.68558094 42.82070176 1 P 0
L 56.28270176 9.08181572 60.7069906 7.91163772 1 P 0
L 56.3683023 41.28123062 60.73229662 42.46586376 1 P 0
L 56.38000662 30.36011708 57.90987656 31.9108963 1 P 0
L 56.3847488 33.8984844 58.8336263 35.32941626 1 P 0
L 56.41966364 9.41247292 60.75370628 8.26647572 1 P 0
L 56.43916068 20.25498108 57.97342482 18.74162622 1 P 0
L 56.44829452 16.75404066 58.8849851 15.36428728 1 P 0
L 56.50526418 40.95057342 60.7790123 42.11102576 1 P 0
L 56.55662552 9.74313012 60.80042196 8.62131372 1 P 0
L 56.60262492 33.61454288 58.97058818 34.99875906 1 P 0
L 56.6422286 40.61991622 60.82572544 41.75618776 1 P 0
L 56.66394814 30.14224096 58.12775268 31.62695478 1 P 0
L 56.66617064 17.03797964 59.02194952 15.69494448 1 P 0
L 56.6935874 10.07378478 60.84713764 8.97615172 1 P 0
L 56.7231022 20.4728572 58.19130094 19.02556774 1 P 0
L 56.77919048 40.28926156 60.87244112 41.40134976 1 P 0
L 56.8204985 33.33060136 59.10755006 34.66810186 1 P 0
L 56.83055182 10.40444198 60.89385332 9.33098972 1 P 0
L 56.88404676 17.32192116 59.1589114 16.02559914 1 P 0
L 56.91615236 39.95860436 60.9191568 41.04651176 1 P 0
L 56.94788966 29.92436484 58.3456288 31.34301326 1 P 0
L 56.9675137 10.73509918 60.940569 9.68582772 1 P 0
L 57.03837462 33.04665984 59.24451194 34.3374472 1 P 0
L 57.05311424 39.62794716 60.96587248 40.69167376 1 P 0
L 57.10192288 17.60586268 59.29587328 16.35625634 1 P 0
L 57.10447558 11.06575384 60.98728468 10.04066572 1 P 0
L 57.19007612 39.2972925 61.01258816 40.33683576 1 P 0
L 57.24143746 11.39641104 61.03399782 10.39550372 1 P 0
L 57.25625074 32.76271832 59.38147382 34.00679 1 P 0
L 57.31979646 17.8898042 59.43283516 16.68691354 1 P 0
L 57.327038 38.9666353 61.05930384 39.98199776 1 P 0
L 57.37839934 11.72706824 61.0807135 10.75034172 1 P 0
L 57.46400242 38.6359781 61.10601698 39.62715976 1 P 0
L 57.47412686 32.4787768 59.5184357 33.6761328 1 P 0
L 57.51536122 12.0577229 61.12742918 11.10517972 1 P 0
L 57.53767258 18.17374572 59.56979704 17.0175682 1 P 0
L 57.6009643 38.30532344 61.15273266 39.27232176 1 P 0
L 57.65232564 12.3883801 61.17414486 11.46001772 1 P 0
L 57.69200298 32.19483782 59.65540012 33.34547814 1 P 0
L 57.73792618 37.97466624 61.19944834 38.91748376 1 P 0
L 57.7555487 18.4576847 59.70675892 17.3482254 1 P 0
L 57.78928752 12.7190373 61.22086054 11.81485572 1 P 0
L 57.87488806 37.64400904 61.24616402 38.56264576 1 P 0
L 57.90987656 31.9108963 59.792362 33.01482094 1 P 0
L 57.9262494 13.04969196 61.26757622 12.16969372 1 P 0
L 57.97342482 18.74162622 59.84372334 17.6788826 1 P 0
L 58.01184994 37.31335438 61.2928797 38.20780776 1 P 0
L 58.06321128 13.38034916 61.3142919 12.52453172 1 P 0
L 58.12775268 31.62695478 59.92932388 32.68416374 1 P 0
L 58.14881436 36.98269718 61.33959538 37.85296976 1 P 0
L 58.19130094 19.02556774 59.98068522 18.0095398 1 P 0
L 58.20017316 13.71100636 61.36100504 12.87936972 1 P 0
L 58.28577624 36.65203998 61.38631106 37.49813176 1 P 0
L 58.33713758 14.04166102 61.40772072 13.23420772 1 P 0
L 58.3456288 31.34301326 60.06628576 32.35350908 1 P 0
L 58.42273812 36.32138532 61.4330242 37.14329376 1 P 0
L 58.47409946 14.37231822 61.4544364 13.58904572 1 P 0
L 58.5597 35.99072812 61.47973988 36.78845576 1 P 0
L 58.61106134 14.70297542 61.50115208 13.94388372 1 P 0
L 58.69666188 35.66007092 61.52645556 36.43361776 1 P 0
L 58.74802322 15.03363008 61.54786776 14.29872172 1 P 0
L 58.8336263 35.32941626 61.57317124 36.07877976 1 P 0
L 58.8849851 15.36428728 61.59458344 14.65355972 1 P 0
L 58.97058818 34.99875906 61.61988692 35.72394176 1 P 0
L 59.02194952 15.69494448 61.64129658 15.00839772 1 P 0
L 59.10755006 34.66810186 61.6666026 35.36910376 1 P 0
L 59.1589114 16.02559914 61.68801226 15.36323572 1 P 0
L 59.24451194 34.3374472 61.71331828 35.01426576 1 P 0
L 59.29587328 16.35625634 61.73472794 15.71807372 1 P 0
L 59.38147382 34.00679 61.76003142 34.65942776 1 P 0
L 59.43283516 16.68691354 61.78144362 16.07291172 1 P 0
L 59.5184357 33.6761328 61.8067471 34.30458976 1 P 0
L 59.56979704 17.0175682 61.8281593 16.42774972 1 P 0
L 59.65540012 33.34547814 61.85346278 33.94975176 1 P 0
L 59.70675892 17.3482254 61.87487498 16.78258772 1 P 0
L 59.792362 33.01482094 61.90017846 33.59491376 1 P 0
L 59.84372334 17.6788826 61.92159066 17.13742572 1 P 0
L 59.92932388 32.68416374 61.94689414 33.24007576 1 P 0
L 59.98068522 18.0095398 61.9683038 17.49226372 1 P 0
L 60.06628576 32.35350908 61.99360982 32.88523776 1 P 0
L 60.33327024 5.07293372 65.6532215 5.08771906 1 P 0
L 60.35857372 45.30456776 65.63181184 45.3193531 1 P 0
L 60.37998338 5.42777172 65.60650582 5.44255706 1 P 0
L 60.4052894 44.94972976 65.58509616 44.9645151 1 P 0
L 60.42669906 5.78260972 65.55979268 5.79739506 1 P 0
L 60.45200508 44.59489176 65.53838048 44.6096771 1 P 0
L 60.47341474 6.13744772 65.513077 6.15223306 1 P 0
L 60.49871822 44.24005376 65.4916648 44.2548391 1 P 0
L 60.52013042 6.49228572 65.46636132 6.50707106 1 P 0
L 60.5454339 43.88521576 65.44494912 43.9000011 1 P 0
L 60.5668461 6.84712372 65.41964564 6.86190906 1 P 0
L 60.59214958 43.53037776 65.39823344 43.5451631 1 P 0
L 60.61356178 7.20196172 65.37292996 7.21674706 1 P 0
L 60.63886526 43.17553976 65.35151776 43.1903251 1 P 0
L 60.66027746 7.55679972 65.32621428 7.57158506 1 P 0
L 60.68558094 42.82070176 65.30480462 42.8354871 1 P 0
L 60.7069906 7.91163772 65.2794986 7.92642306 1 P 0
L 60.73229662 42.46586376 65.25808894 42.4806491 1 P 0
L 60.75370628 8.26647572 65.23278546 8.28126106 1 P 0
L 60.7790123 42.11102576 65.21137326 42.1258111 1 P 0
L 60.80042196 8.62131372 65.18606978 8.63609906 1 P 0
L 60.82572544 41.75618776 65.16465758 41.7709731 1 P 0
L 60.84713764 8.97615172 65.1393541 8.99093706 1 P 0
L 60.87244112 41.40134976 65.1179419 41.4161351 1 P 0
L 60.89385332 9.33098972 65.09263842 9.34577506 1 P 0
L 60.9191568 41.04651176 65.07122622 41.0612971 1 P 0
L 60.940569 9.68582772 65.04592274 9.70061306 1 P 0
L 60.96587248 40.69167376 65.02451308 40.7064591 1 P 0
L 60.98728468 10.04066572 64.99920706 10.05545106 1 P 0
L 61.01258816 40.33683576 64.9777974 40.3516211 1 P 0
L 61.03399782 10.39550372 64.95249138 10.41028906 1 P 0
L 61.05930384 39.98199776 64.93108172 39.9967831 1 P 0
L 61.0807135 10.75034172 64.90577824 10.76512706 1 P 0
L 61.10601698 39.62715976 64.88436604 39.6419451 1 P 0
L 61.12742918 11.10517972 64.85906256 11.11996506 1 P 0
L 61.15273266 39.27232176 64.83765036 39.2871071 1 P 0
L 61.17414486 11.46001772 64.81234688 11.47480306 1 P 0
L 61.19944834 38.91748376 64.79093468 38.9322691 1 P 0
L 61.22086054 11.81485572 64.7656312 11.82964106 1 P 0
L 61.24616402 38.56264576 64.744219 38.5774311 1 P 0
L 61.26757622 12.16969372 64.71891552 12.18447906 1 P 0
L 61.2928797 38.20780776 64.69750586 38.2225931 1 P 0
L 61.3142919 12.52453172 64.67219984 12.53931706 1 P 0
L 61.33959538 37.85296976 64.65079018 37.8677551 1 P 0
L 61.36100504 12.87936972 64.62548416 12.89415506 1 P 0
L 61.38631106 37.49813176 64.6040745 37.5129171 1 P 0
L 61.40772072 13.23420772 64.57877102 13.24899306 1 P 0
L 61.4330242 37.14329376 64.55735882 37.1580791 1 P 0
L 61.4544364 13.58904572 64.53205534 13.60383106 1 P 0
L 61.47973988 36.78845576 64.51064314 36.8032411 1 P 0
L 61.50115208 13.94388372 64.48533966 13.95866906 1 P 0
L 61.52645556 36.43361776 64.46392746 36.4484031 1 P 0
L 61.54786776 14.29872172 64.43862398 14.31350706 1 P 0
L 61.57317124 36.07877976 64.41721178 36.0935651 1 P 0
L 61.59458344 14.65355972 64.3919083 14.66834506 1 P 0
L 61.61988692 35.72394176 64.37049864 35.7387271 1 P 0
L 61.64129658 15.00839772 64.34519262 15.02318306 1 P 0
L 61.6666026 35.36910376 64.32378296 35.3838891 1 P 0
L 61.68801226 15.36323572 64.29847694 15.37802106 1 P 0
L 61.71331828 35.01426576 64.27706728 35.0290511 1 P 0
L 61.73472794 15.71807372 64.2517638 15.73285906 1 P 0
L 61.76003142 34.65942776 64.2303516 34.6742131 1 P 0
L 61.78144362 16.07291172 64.20504812 16.08769706 1 P 0
L 61.8067471 34.30458976 64.18363592 34.3193751 1 P 0
L 61.8281593 16.42774972 64.15833244 16.44253506 1 P 0
L 61.85346278 33.94975176 64.13692024 33.9645371 1 P 0
L 61.87487498 16.78258772 64.11161676 16.79737306 1 P 0
L 61.90017846 33.59491376 64.09020456 33.6096991 1 P 0
L 61.92159066 17.13742572 64.06490108 17.15221106 1 P 0
L 61.94689414 33.24007576 64.04349142 33.2548611 1 P 0
L 61.9683038 17.49226372 64.0181854 17.50704906 1 P 0
L 61.99360982 32.88523776 63.99677574 32.9000231 1 P 0
L 63.99677574 32.9000231 65.93927122 32.39483996 1 P 0
L 64.0181854 17.50704906 65.99063256 18.05087068 1 P 0
L 64.04349142 33.2548611 66.0762331 32.72549716 1 P 0
L 64.06490108 17.15221106 66.12759444 17.72021348 1 P 0
L 64.09020456 33.6096991 66.21319752 33.05615182 1 P 0
L 64.11161676 16.79737306 66.26455632 17.38955882 1 P 0
L 64.13692024 33.9645371 66.3501594 33.38680902 1 P 0
L 64.15833244 16.44253506 66.40152074 17.05890162 1 P 0
L 64.18363592 34.3193751 66.48712128 33.71746622 1 P 0
L 64.20504812 16.08769706 66.53848262 16.72824442 1 P 0
L 64.2303516 34.6742131 66.62408316 34.04812088 1 P 0
L 64.2517638 15.73285906 66.6754445 16.39758976 1 P 0
L 64.27706728 35.0290511 66.76104504 34.37877808 1 P 0
L 64.29847694 15.37802106 66.81240638 16.06693256 1 P 0
L 64.32378296 35.3838891 66.89800946 34.70943528 1 P 0
L 64.34519262 15.02318306 66.94936826 15.73627536 1 P 0
L 64.37049864 35.7387271 67.03497134 35.04008994 1 P 0
L 64.3919083 14.66834506 67.08633268 15.4056207 1 P 0
L 64.41721178 36.0935651 67.17193322 35.37074714 1 P 0
L 64.43862398 14.31350706 67.22329456 15.0749635 1 P 0
L 64.46392746 36.4484031 67.3088951 35.70140434 1 P 0
L 64.48533966 13.95866906 67.36025644 14.7443063 1 P 0
L 64.51064314 36.8032411 67.44585698 36.032059 1 P 0
L 64.53205534 13.60383106 67.49721832 14.41365164 1 P 0
L 64.55735882 37.1580791 67.58281886 36.3627162 1 P 0
L 64.57877102 13.24899306 67.6341802 14.08299444 1 P 0
L 64.6040745 37.5129171 67.71978328 36.6933734 1 P 0
L 64.62548416 12.89415506 67.77114208 13.75233724 1 P 0
L 64.65079018 37.8677551 67.85674516 37.02402806 1 P 0
L 64.67219984 12.53931706 67.9081065 13.42168258 1 P 0
L 64.69750586 38.2225931 67.99370704 37.35468526 1 P 0
L 64.71891552 12.18447906 68.04506838 13.09102538 1 P 0
L 64.744219 38.5774311 68.13066892 37.68534246 1 P 0
L 64.7656312 11.82964106 68.18203026 12.76036818 1 P 0
L 64.79093468 38.9322691 68.2676308 38.01599712 1 P 0
L 64.81234688 11.47480306 68.31899214 12.42971352 1 P 0
L 64.83765036 39.2871071 68.40459522 38.34665432 1 P 0
L 64.85906256 11.11996506 68.45595402 12.09905632 1 P 0
L 64.88436604 39.6419451 68.5415571 38.67731152 1 P 0
L 64.90577824 10.76512706 68.59291844 11.76839912 1 P 0
L 64.93108172 39.9967831 68.67851898 39.00796618 1 P 0
L 64.95249138 10.41028906 68.72988032 11.43774192 1 P 0
L 64.9777974 40.3516211 68.81548086 39.33862338 1 P 0
L 64.99920706 10.05545106 68.8668422 11.10708726 1 P 0
L 65.02451308 40.7064591 68.95244274 39.66928058 1 P 0
L 65.04592274 9.70061306 69.00380408 10.77643006 1 P 0
L 65.07122622 41.0612971 69.08940462 39.99993524 1 P 0
L 65.09263842 9.34577506 69.14076596 10.44577286 1 P 0
L 65.1179419 41.4161351 69.22636904 40.33059244 1 P 0
L 65.1393541 8.99093706 69.27772784 10.1151182 1 P 0
L 65.16465758 41.7709731 69.36333092 40.66124964 1 P 0
L 65.18606978 8.63609906 69.41469226 9.784461 1 P 0
L 65.21137326 42.1258111 69.5002928 40.99190684 1 P 0
L 65.23278546 8.28126106 69.55165414 9.4538038 1 P 0
L 65.25808894 42.4806491 69.63725468 41.3225615 1 P 0
L 65.2794986 7.92642306 69.68861602 9.12314914 1 P 0
L 65.30480462 42.8354871 69.77421656 41.6532187 1 P 0
L 65.32621428 7.57158506 69.8255779 8.79249194 1 P 0
L 65.35151776 43.1903251 69.91118098 41.9838759 1 P 0
L 65.37292996 7.21674706 69.96253978 8.46183474 1 P 0
L 65.39823344 43.5451631 70.04814286 42.31453056 1 P 0
L 65.41964564 6.86190906 70.0995042 8.13118008 1 P 0
L 65.44494912 43.9000011 70.18510474 42.64518776 1 P 0
L 65.46636132 6.50707106 70.23646608 7.80052288 1 P 0
L 65.4916648 44.2548391 70.32206662 42.97584496 1 P 0
L 65.513077 6.15223306 70.37342796 7.46986568 1 P 0
L 65.53838048 44.6096771 70.4590285 43.30649962 1 P 0
L 65.55979268 5.79739506 70.51038984 7.13921102 1 P 0
L 65.58509616 44.9645151 70.59599292 43.63715682 1 P 0
L 65.60650582 5.44255706 70.64735172 6.80855382 1 P 0
L 65.63181184 45.3193531 70.7329548 43.96781402 1 P 0
L 65.6532215 5.08771906 70.78431614 6.47789662 1 P 0
L 65.93927122 32.39483996 67.68819838 31.40216732 1 P 0
L 65.99063256 18.05087068 67.75174664 19.0847218 1 P 0
L 66.0762331 32.72549716 67.9060745 31.68610884 1 P 0
L 66.12759444 17.72021348 67.96962276 18.80078028 1 P 0
L 66.21319752 33.05615182 68.12395062 31.97005036 1 P 0
L 66.26455632 17.38955882 68.18749888 18.5168413 1 P 0
L 66.3501594 33.38680902 68.34182674 32.25399188 1 P 0
L 66.40152074 17.05890162 68.40537246 18.23289978 1 P 0
L 66.48712128 33.71746622 68.55970286 32.5379334 1 P 0
L 66.53848262 16.72824442 68.62324858 17.94895826 1 P 0
L 66.62408316 34.04812088 68.77757898 32.82187238 1 P 0
L 66.6754445 16.39758976 68.8411247 17.66501674 1 P 0
L 66.76104504 34.37877808 68.99545256 33.1058139 1 P 0
L 66.81240638 16.06693256 69.05900082 17.38107522 1 P 0
L 66.89800946 34.70943528 69.21332868 33.38975542 1 P 0
L 66.94936826 15.73627536 69.27687694 17.0971337 1 P 0
L 67.03497134 35.04008994 69.4312048 33.67369694 1 P 0
L 67.08633268 15.4056207 69.49475052 16.81319472 1 P 0
L 67.17193322 35.37074714 69.64908092 33.95763846 1 P 0
L 67.22329456 15.0749635 69.71262664 16.5292532 1 P 0
L 67.3088951 35.70140434 69.86695704 34.24157998 1 P 0
L 67.36025644 14.7443063 69.93050276 16.24531168 1 P 0
L 67.44585698 36.032059 70.08483062 34.52551896 1 P 0
L 67.49721832 14.41365164 70.14837888 15.96137016 1 P 0
L 67.58281886 36.3627162 70.30270674 34.80946048 1 P 0
L 67.6341802 14.08299444 70.366255 15.67742864 1 P 0
L 67.68819838 31.40216732 69.12336442 29.9879131 1 P 0
L 67.71978328 36.6933734 70.52058286 35.093402 1 P 0
L 67.75174664 19.0847218 69.18251848 20.53640292 1 P 0
L 67.77114208 13.75233724 70.58413112 15.39348966 1 P 0
L 67.85674516 37.02402806 70.73845898 35.37734352 1 P 0
L 67.9060745 31.68610884 69.40730594 30.20578668 1 P 0
L 67.9081065 13.42168258 70.8020047 15.10954814 1 P 0
L 67.96962276 18.80078028 69.46646 20.3185268 1 P 0
L 67.99370704 37.35468526 70.9563351 35.66128504 1 P 0
L 68.04506838 13.09102538 71.01988082 14.82560662 1 P 0
L 68.12395062 31.97005036 69.69124746 30.4236628 1 P 0
L 68.13066892 37.68534246 71.17420868 35.94522402 1 P 0
L 68.18203026 12.76036818 71.23775694 14.5416651 1 P 0
L 68.18749888 18.5168413 69.75040152 20.10065322 1 P 0
L 68.2676308 38.01599712 71.3920848 36.22916554 1 P 0
L 68.31899214 12.42971352 71.45563306 14.25772358 1 P 0
L 68.34182674 32.25399188 69.97518898 30.64153892 1 P 0
L 68.40459522 38.34665432 71.60996092 36.51310706 1 P 0
L 68.40537246 18.23289978 70.03434304 19.8827771 1 P 0
L 68.45595402 12.09905632 71.67350918 13.97378206 1 P 0
L 68.5415571 38.67731152 71.82783704 36.79704858 1 P 0
L 68.55970286 32.5379334 70.25912796 30.85941504 1 P 0
L 68.59291844 11.76839912 71.89138276 13.68984308 1 P 0
L 68.62324858 17.94895826 70.31828202 19.66490098 1 P 0
L 68.67851898 39.00796618 72.04571316 37.0809901 1 P 0
L 68.72988032 11.43774192 72.10925888 13.40590156 1 P 0
L 68.77757898 32.82187238 70.54306948 31.07729116 1 P 0
L 68.81548086 39.33862338 72.26358928 37.36493162 1 P 0
L 68.8411247 17.66501674 70.60222354 19.44702486 1 P 0
L 68.8668422 11.10708726 72.327135 13.12196004 1 P 0
L 68.95244274 39.66928058 72.48146286 37.6488706 1 P 0
L 68.99545256 33.1058139 70.827011 31.29516728 1 P 0
L 69.00380408 10.77643006 72.54501112 12.83801852 1 P 0
L 69.05900082 17.38107522 70.88616506 19.22914874 1 P 0
L 69.08940462 39.99993524 72.69933898 37.93281212 1 P 0
L 69.12336442 29.9879131 70.14553662 28.24702758 1 P 0
L 69.14076596 10.44577286 72.76288724 12.554077 1 P 0
L 69.18251848 20.53640292 70.18687004 22.30555864 1 P 0
L 69.21332868 33.38975542 71.11095252 31.51304086 1 P 0
L 69.22636904 40.33059244 72.9172151 38.21675364 1 P 0
L 69.27687694 17.0971337 71.17010658 19.01127516 1 P 0
L 69.27772784 10.1151182 72.98076082 12.27013802 1 P 0
L 69.36333092 40.66124964 73.13509122 38.50069516 1 P 0
L 69.40730594 30.20578668 70.47619382 28.38398946 1 P 0
L 69.41469226 9.784461 73.19863694 11.9861965 1 P 0
L 69.4312048 33.67369694 71.39489404 31.73091698 1 P 0
L 69.46646 20.3185268 70.5175247 22.16859676 1 P 0
L 69.49475052 16.81319472 71.4540481 18.79339904 1 P 0
L 69.5002928 40.99190684 73.35296734 38.78463668 1 P 0
L 69.55165414 9.4538038 73.41651306 11.70225498 1 P 0
L 69.63725468 41.3225615 73.57084092 39.06857566 1 P 0
L 69.64908092 33.95763846 71.67883302 31.9487931 1 P 0
L 69.68861602 9.12314914 73.63438918 11.41831346 1 P 0
L 69.69124746 30.4236628 70.80685102 28.52095134 1 P 0
L 69.71262664 16.5292532 71.73798962 18.57552292 1 P 0
L 69.75040152 20.10065322 70.8481819 22.03163488 1 P 0
L 69.77421656 41.6532187 73.78871704 39.35251718 1 P 0
L 69.8255779 8.79249194 73.8522653 11.13437194 1 P 0
L 69.86695704 34.24157998 71.96277454 32.16666922 1 P 0
L 69.91118098 41.9838759 74.00659316 39.6364587 1 P 0
L 69.93050276 16.24531168 72.0219286 18.3576468 1 P 0
L 69.96253978 8.46183474 74.07014142 10.85043042 1 P 0
L 69.97518898 30.64153892 71.13750568 28.65791322 1 P 0
L 70.03434304 19.8827771 71.1788391 21.894673 1 P 0
L 70.04814286 42.31453056 74.22446928 39.92040022 1 P 0
L 70.08483062 34.52551896 72.24671606 32.38454534 1 P 0
L 70.0995042 8.13118008 74.288015 10.56649144 1 P 0
L 70.14553662 28.24702758 70.68331304 26.2971407 1 P 0
L 70.14837888 15.96137016 72.30587012 18.13977068 1 P 0
L 70.18510474 42.64518776 74.4423454 40.20434174 1 P 0
L 70.18687004 22.30555864 70.69809838 24.27061948 1 P 0
L 70.23646608 7.80052288 74.50589112 10.28254992 1 P 0
L 70.25912796 30.85941504 71.46816288 28.7948751 1 P 0
L 70.30270674 34.80946048 72.53065758 32.60241892 1 P 0
L 70.31828202 19.66490098 71.5094963 21.75771112 1 P 0
L 70.32206662 42.97584496 74.66021898 40.48828326 1 P 0
L 70.366255 15.67742864 72.58981164 17.9218971 1 P 0
L 70.37342796 7.46986568 74.72376724 9.9986084 1 P 0
L 70.4590285 43.30649962 74.8780951 40.77222224 1 P 0
L 70.47619382 28.38398946 71.03815104 26.34385638 1 P 0
L 70.51038984 7.13921102 74.94164336 9.71466688 1 P 0
L 70.5175247 22.16859676 71.05293638 24.2239038 1 P 0
L 70.52058286 35.093402 72.8145991 32.82029504 1 P 0
L 70.54306948 31.07729116 71.79882008 28.93183952 1 P 0
L 70.58413112 15.39348966 72.87375316 17.70402098 1 P 0
L 70.59599292 43.63715682 75.09597122 41.05616376 1 P 0
L 70.60222354 19.44702486 71.84015096 21.62074924 1 P 0
L 70.64735172 6.80855382 75.15951948 9.43072536 1 P 0
L 70.68331304 26.2971407 70.69809838 24.27061948 1 P 0
L 70.7329548 43.96781402 75.31384734 41.34010528 1 P 0
L 70.73845898 35.37734352 73.09854062 33.03817116 1 P 0
L 70.78431614 6.47789662 75.37739306 9.14678638 1 P 0
L 70.8020047 15.10954814 73.15769468 17.48614486 1 P 0
L 70.80685102 28.52095134 71.39298904 26.39057206 1 P 0
L 70.827011 31.29516728 72.12947474 29.0688014 1 P 0
L 70.8481819 22.03163488 71.40777438 24.17718812 1 P 0
L 70.88616506 19.22914874 72.17080816 21.48378482 1 P 0
L 70.9563351 35.66128504 73.3824796 33.25604728 1 P 0
L 71.01988082 14.82560662 73.44163366 17.26826874 1 P 0
L 71.03815104 26.34385638 71.05293638 24.2239038 1 P 0
L 71.11095252 31.51304086 72.46013194 29.20576328 1 P 0
L 71.13750568 28.65791322 71.74782704 26.43728774 1 P 0
L 71.17010658 19.01127516 72.50146536 21.34682294 1 P 0
L 71.17420868 35.94522402 73.66642112 33.4739234 1 P 0
L 71.1788391 21.894673 71.76261238 24.13047244 1 P 0
L 71.23775694 14.5416651 73.72557518 17.05039262 1 P 0
L 71.3920848 36.22916554 73.95036264 33.69179698 1 P 0
L 71.39298904 26.39057206 71.40777438 24.17718812 1 P 0
L 71.39489404 31.73091698 72.79078914 29.34272516 1 P 0
L 71.4540481 18.79339904 72.83212002 21.20986106 1 P 0
L 71.45563306 14.25772358 74.0095167 16.83251904 1 P 0
L 71.46816288 28.7948751 72.10266504 26.48400342 1 P 0
L 71.5094963 21.75771112 72.11745038 24.08375676 1 P 0
L 71.60996092 36.51310706 74.23430416 33.9096731 1 P 0
L 71.67350918 13.97378206 74.29345822 16.61464292 1 P 0
L 71.67883302 31.9487931 73.1214438 29.47968704 1 P 0
L 71.73798962 18.57552292 73.16277722 21.07289918 1 P 0
L 71.74782704 26.43728774 71.76261238 24.13047244 1 P 0
L 71.79882008 28.93183952 72.45750304 26.5307191 1 P 0
L 71.82783704 36.79704858 74.51824568 34.12754922 1 P 0
L 71.84015096 21.62074924 72.47228838 24.03704108 1 P 0
L 71.89138276 13.68984308 74.57739974 16.3967668 1 P 0
L 71.96277454 32.16666922 73.452101 29.61664892 1 P 0
L 72.0219286 18.3576468 73.49343442 20.9359373 1 P 0
L 72.04571316 37.0809901 74.80218466 34.34542534 1 P 0
L 72.10266504 26.48400342 72.11745038 24.08375676 1 P 0
L 72.10925888 13.40590156 74.86134126 16.17889068 1 P 0
L 72.12947474 29.0688014 72.81234104 26.57743478 1 P 0
L 72.17080816 21.48378482 72.82712638 23.9903254 1 P 0
L 72.24671606 32.38454534 73.7827582 29.75361334 1 P 0
L 72.26358928 37.36493162 75.08612618 34.56330146 1 P 0
L 72.30587012 18.13977068 73.82408908 20.79897288 1 P 0
L 72.327135 13.12196004 75.14528024 15.96101456 1 P 0
L 72.45750304 26.5307191 72.47228838 24.03704108 1 P 0
L 72.46013194 29.20576328 73.16717904 26.62414792 1 P 0
L 72.48146286 37.6488706 75.3700677 34.78117758 1 P 0
L 72.50146536 21.34682294 73.18196438 23.94361226 1 P 0
L 72.53065758 32.60241892 74.11341286 29.89057522 1 P 0
L 72.54501112 12.83801852 75.42922176 15.74313844 1 P 0
L 72.58981164 17.9218971 74.15474628 20.662011 1 P 0
L 72.69933898 37.93281212 75.65400922 34.99905116 1 P 0
L 72.76288724 12.554077 75.71316328 15.52526486 1 P 0
L 72.79078914 29.34272516 73.52201704 26.6708636 1 P 0
L 72.81234104 26.57743478 72.82712638 23.9903254 1 P 0
L 72.8145991 32.82029504 74.44407006 30.0275371 1 P 0
L 72.83212002 21.20986106 73.53680238 23.89689658 1 P 0
L 72.87375316 17.70402098 74.48540348 20.52504912 1 P 0
L 72.9172151 38.21675364 75.93795074 35.21692728 1 P 0
L 72.98076082 12.27013802 75.9971048 15.30738874 1 P 0
L 73.09854062 33.03817116 74.77472726 30.16449898 1 P 0
L 73.1214438 29.47968704 73.87685504 26.71757928 1 P 0
L 73.13509122 38.50069516 76.22189226 35.4348034 1 P 0
L 73.15769468 17.48614486 74.81605814 20.38808724 1 P 0
L 73.16277722 21.07289918 73.89164038 23.8501809 1 P 0
L 73.16717904 26.62414792 73.18196438 23.94361226 1 P 0
L 73.19863694 11.9861965 76.28104632 15.08951262 1 P 0
L 73.35296734 38.78463668 76.50583124 35.65267952 1 P 0
L 73.3824796 33.25604728 75.10538192 30.30146086 1 P 0
L 73.41651306 11.70225498 76.5649853 14.8716365 1 P 0
L 73.44163366 17.26826874 75.14671534 20.25112536 1 P 0
L 73.452101 29.61664892 74.23169304 26.76429496 1 P 0
L 73.49343442 20.9359373 74.24647838 23.80346522 1 P 0
L 73.52201704 26.6708636 73.53680238 23.89689658 1 P 0
L 73.57084092 39.06857566 76.78977276 35.87055564 1 P 0
L 73.63438918 11.41831346 76.84892682 14.65376038 1 P 0
L 73.66642112 33.4739234 75.43603912 30.43842528 1 P 0
L 73.72557518 17.05039262 75.47737254 20.11416094 1 P 0
L 73.7827582 29.75361334 74.58653104 26.81101064 1 P 0
L 73.78871704 39.35251718 77.07371428 36.08842922 1 P 0
L 73.82408908 20.79897288 74.60131638 23.75674954 1 P 0
L 73.8522653 11.13437194 77.13286834 14.4358868 1 P 0
L 73.87685504 26.71757928 73.89164038 23.8501809 1 P 0
L 73.95036264 33.69179698 75.76669632 30.57538716 1 P 0
L 74.00659316 39.6364587 77.3576558 36.30630534 1 P 0
L 74.0095167 16.83251904 75.8080272 19.97719906 1 P 0
L 74.07014142 10.85043042 77.41680986 14.21801068 1 P 0
L 74.11341286 29.89057522 74.94136904 26.85772632 1 P 0
L 74.15474628 20.662011 74.95615438 23.71003386 1 P 0
L 74.22446928 39.92040022 77.64159732 36.52418146 1 P 0
L 74.23169304 26.76429496 74.24647838 23.80346522 1 P 0
L 74.23430416 33.9096731 76.09735098 30.71234904 1 P 0
L 74.288015 10.56649144 77.70075138 14.00013456 1 P 0
L 74.29345822 16.61464292 76.1386844 19.84023718 1 P 0
L 74.4423454 40.20434174 77.9255363 36.74205758 1 P 0
L 74.44407006 30.0275371 75.29620704 26.904442 1 P 0
L 74.48540348 20.52504912 75.31099238 23.66331818 1 P 0
L 74.50589112 10.28254992 77.9846929 13.78225844 1 P 0
L 74.51824568 34.12754922 76.42800818 30.84931092 1 P 0
L 74.57739974 16.3967668 76.4693416 19.7032753 1 P 0
L 74.58653104 26.81101064 74.60131638 23.75674954 1 P 0
L 74.66021898 40.48828326 78.20947782 36.9599337 1 P 0
L 74.72376724 9.9986084 78.26863188 13.56438232 1 P 0
L 74.77472726 30.16449898 75.65104504 26.95115514 1 P 0
L 74.80218466 34.34542534 76.75866538 30.9862728 1 P 0
L 74.81605814 20.38808724 75.66583038 23.61660504 1 P 0
L 74.86134126 16.17889068 76.79999626 19.56631342 1 P 0
L 74.8780951 40.77222224 78.49341934 37.17780728 1 P 0
L 74.94136904 26.85772632 74.95615438 23.71003386 1 P 0
L 74.94164336 9.71466688 78.5525734 13.34650874 1 P 0
L 75.08612618 34.56330146 77.08932258 31.12323468 1 P 0
L 75.09597122 41.05616376 78.77736086 37.3956834 1 P 0
L 75.10538192 30.30146086 76.00588304 26.99787082 1 P 0
L 75.14528024 15.96101456 77.13065346 19.42935154 1 P 0
L 75.14671534 20.25112536 76.02066838 23.56988936 1 P 0
L 75.15951948 9.43072536 78.83651492 13.12863262 1 P 0
L 75.29620704 26.904442 75.31099238 23.66331818 1 P 0
L 75.31384734 41.34010528 79.06130238 37.61355952 1 P 0
L 75.3700677 34.78117758 77.41997724 31.2601991 1 P 0
L 75.37739306 9.14678638 79.12045644 12.9107565 1 P 0
L 75.42922176 15.74313844 77.46131066 19.29238712 1 P 0
L 75.43603912 30.43842528 76.36072104 27.0445865 1 P 0
L 75.47737254 20.11416094 76.37550638 23.52317368 1 P 0
L 75.65104504 26.95115514 75.66583038 23.61660504 1 P 0
L 75.65400922 34.99905116 77.75063444 31.39716098 1 P 0
L 75.71316328 15.52526486 77.79196532 19.15542524 1 P 0
L 75.76669632 30.57538716 76.71555904 27.09130218 1 P 0
L 75.8080272 19.97719906 76.73034438 23.476458 1 P 0
L 75.93795074 35.21692728 78.08129164 31.53412286 1 P 0
L 75.9971048 15.30738874 78.12262252 19.01846336 1 P 0
L 76.00588304 26.99787082 76.02066838 23.56988936 1 P 0
L 76.09735098 30.71234904 77.07039704 27.13801786 1 P 0
L 76.1386844 19.84023718 77.08518238 23.42974232 1 P 0
L 76.22189226 35.4348034 78.4119463 31.67108474 1 P 0
L 76.28104632 15.08951262 78.45327972 18.88150148 1 P 0
L 76.36072104 27.0445865 76.37550638 23.52317368 1 P 0
L 76.42800818 30.84931092 77.42523504 27.18473354 1 P 0
L 76.4693416 19.7032753 77.44002038 23.38302664 1 P 0
L 76.50583124 35.65267952 78.7426035 31.80804662 1 P 0
L 76.5649853 14.8716365 78.78393438 18.7445396 1 P 0
L 76.71555904 27.09130218 76.73034438 23.476458 1 P 0
L 76.75866538 30.9862728 77.78007304 27.23144922 1 P 0
L 76.78977276 35.87055564 79.0732607 31.94501104 1 P 0
L 76.79999626 19.56631342 77.79485838 23.33631096 1 P 0
L 76.84892682 14.65376038 79.11459158 18.60757518 1 P 0
L 77.07039704 27.13801786 77.08518238 23.42974232 1 P 0
L 77.07371428 36.08842922 79.40391536 32.08197292 1 P 0
L 77.08932258 31.12323468 78.13491104 27.27816236 1 P 0
L 77.13065346 19.42935154 78.14969638 23.28959782 1 P 0
L 77.13286834 14.4358868 79.44524878 18.4706133 1 P 0
L 77.3576558 36.30630534 79.73457256 32.2189348 1 P 0
L 77.41680986 14.21801068 79.77590344 18.33365142 1 P 0
L 77.41997724 31.2601991 78.48974904 27.32487804 1 P 0
L 77.42523504 27.18473354 77.44002038 23.38302664 1 P 0
L 77.46131066 19.29238712 78.50453438 23.24288214 1 P 0
L 77.64159732 36.52418146 80.06522976 32.35589668 1 P 0
L 77.70075138 14.00013456 80.10656064 18.19668954 1 P 0
L 77.75063444 31.39716098 78.84458704 27.37159372 1 P 0
L 77.78007304 27.23144922 77.79485838 23.33631096 1 P 0
L 77.79196532 19.15542524 78.85937238 23.19616646 1 P 0
L 77.9255363 36.74205758 80.39588442 32.49285856 1 P 0
L 77.9846929 13.78225844 80.43721784 18.05972766 1 P 0
L 78.08129164 31.53412286 79.19942504 27.4183094 1 P 0
L 78.12262252 19.01846336 79.21421038 23.14945078 1 P 0
L 78.13491104 27.27816236 78.14969638 23.28959782 1 P 0
L 78.20947782 36.9599337 80.72654162 32.62982298 1 P 0
L 78.26863188 13.56438232 80.7678725 17.92276578 1 P 0
L 78.4119463 31.67108474 79.55426304 27.46502508 1 P 0
L 78.45327972 18.88150148 79.56904838 23.1027351 1 P 0
L 78.48974904 27.32487804 78.50453438 23.24288214 1 P 0
L 78.49341934 37.17780728 81.05719882 32.76678486 1 P 0
L 78.5525734 13.34650874 81.0985297 17.78580136 1 P 0
L 78.7426035 31.80804662 79.90910104 27.51174076 1 P 0
L 78.77736086 37.3956834 81.38785348 32.90374674 1 P 0
L 78.78393438 18.7445396 79.92388638 23.05601942 1 P 0
L 78.83651492 13.12863262 81.4291869 17.64883948 1 P 0
L 78.84458704 27.37159372 78.85937238 23.19616646 1 P 0
L 79.06130238 37.61355952 81.71851068 33.04070862 1 P 0
L 79.0732607 31.94501104 80.26393904 27.55845644 1 P 0
L 79.11459158 18.60757518 80.27872438 23.00930374 1 P 0
L 79.12045644 12.9107565 81.75984156 17.5118776 1 P 0
L 79.19942504 27.4183094 79.21421038 23.14945078 1 P 0
L 79.40391536 32.08197292 80.61877704 27.60516958 1 P 0
L 79.44524878 18.4706133 80.63356238 22.9625906 1 P 0
L 79.55426304 27.46502508 79.56904838 23.1027351 1 P 0
L 79.73457256 32.2189348 80.97361504 27.65188526 1 P 0
L 79.77590344 18.33365142 80.98840038 22.91587492 1 P 0
L 79.90910104 27.51174076 79.92388638 23.05601942 1 P 0
L 80.06522976 32.35589668 81.32845304 27.69860094 1 P 0
L 80.10656064 18.19668954 81.34323838 22.86915924 1 P 0
L 80.26393904 27.55845644 80.27872438 23.00930374 1 P 0
L 80.39588442 32.49285856 81.68329104 27.74531662 1 P 0
L 80.43721784 18.05972766 81.69807638 22.82244356 1 P 0
L 80.61877704 27.60516958 80.63356238 22.9625906 1 P 0
L 80.72654162 32.62982298 82.03812904 27.7920323 1 P 0
L 80.7678725 17.92276578 82.05291438 22.77572788 1 P 0
L 80.97361504 27.65188526 80.98840038 22.91587492 1 P 0
L 81.05719882 32.76678486 82.39296704 27.83874798 1 P 0
L 81.0985297 17.78580136 82.40775238 22.7290122 1 P 0
L 81.32845304 27.69860094 81.34323838 22.86915924 1 P 0
L 81.38785348 32.90374674 82.74780504 27.88546366 1 P 0
L 81.4291869 17.64883948 82.76259038 22.68229906 1 P 0
L 81.68329104 27.74531662 81.69807638 22.82244356 1 P 0
L 81.71851068 33.04070862 83.10264304 27.9321768 1 P 0
L 81.75984156 17.5118776 83.11742838 22.63558338 1 P 0
L 82.03812904 27.7920323 82.05291438 22.77572788 1 P 0
L 82.39296704 27.83874798 82.40775238 22.7290122 1 P 0
L 82.74780504 27.88546366 82.76259038 22.68229906 1 P 0
L 83.10264304 27.9321768 83.11742838 22.63558338 1 P 0
S P 0
OB 40.85400008 49.71401284 I
OS 40.7678001 49.71401284
OS 40.3613112 49.63315702
OS 39.97840874 49.47455434
OS 39.6338044 49.24429572
OS 39.34074428 48.9512356
OS 39.11048566 48.60663126
OS 38.95188298 48.2237288
OS 38.87102716 47.8172399
OS 38.87102716 47.4027881
OS 38.95188298 46.9962992
OS 39.11048566 46.61339674
OS 39.34074428 46.2687924
OS 39.6338044 45.97573228
OS 39.97840874 45.74547366
OS 40.3613112 45.58687098
OS 40.7678001 45.50601516
OS 40.85400008 45.50601516
OS 40.85400008 27.7395432
OS 40.77292836 27.59912184
OS 40.7210006 27.40531984
OS 40.7210006 27.20468016
OS 40.77292836 27.01087816
OS 40.85400008 26.8704568
OS 40.85400008 25.7075432
OS 40.77292836 25.56712184
OS 40.7210006 25.37331984
OS 40.7210006 25.17268016
OS 40.77292836 24.97887816
OS 40.85400008 24.8384568
OS 40.85400008 6.53401284
OS 40.7678001 6.53401284
OS 40.3613112 6.45315702
OS 39.97840874 6.29455434
OS 39.6338044 6.06429572
OS 39.34074428 5.7712356
OS 39.11048566 5.42663126
OS 38.95188298 5.0437288
OS 38.87102716 4.6372399
OS 38.87102716 4.2227881
OS 38.95188298 3.8162992
OS 39.11048566 3.43339674
OS 39.34074428 3.0887924
OS 39.6338044 2.79573228
OS 39.97840874 2.56547366
OS 40.3613112 2.40687098
OS 40.7678001 2.32601516
OS 40.85400008 2.32601516
OS 40.85400008 0.4078224
OS 0.4078224 0.4078224
OS 0.4078224 52.29217634
OS 40.85400008 52.29217634
OS 40.85400008 49.71401284
OE
OB 15.88114172 48.70299886 H
OS 15.64085772 48.70299886
OS 15.41886172 48.61104578
OS 15.2489535 48.44113756
OS 15.15700042 48.21914156
OS 15.15700042 47.97885756
OS 15.2489535 47.75686156
OS 15.41886172 47.58695334
OS 15.64085772 47.49500026
OS 15.88114172 47.49500026
OS 16.10313772 47.58695334
OS 16.27304594 47.75686156
OS 16.36499902 47.97885756
OS 16.36499902 48.21914156
OS 16.27304594 48.44113756
OS 16.10313772 48.61104578
OS 15.88114172 48.70299886
OE
OB 6.97614302 46.64499942 H
OS 6.73585902 46.64499942
OS 6.51386302 46.55304634
OS 6.3439548 46.38313812
OS 6.25200172 46.16114212
OS 6.25200172 45.92085812
OS 6.3439548 45.69886212
OS 6.51386302 45.5289539
OS 6.73585902 45.43700082
OS 6.97614302 45.43700082
OS 7.19813902 45.5289539
OS 7.36804724 45.69886212
OS 7.46000032 45.92085812
OS 7.46000032 46.16114212
OS 7.36804724 46.38313812
OS 7.19813902 46.55304634
OS 6.97614302 46.64499942
OE
OB 13.97714248 46.53499964 H
OS 13.73685848 46.53499964
OS 13.51486248 46.44304656
OS 13.34495426 46.27313834
OS 13.25300118 46.05114234
OS 13.25300118 45.81085834
OS 13.34127888 45.5977371
OS 13.34205358 45.5800714
OS 13.3004052 45.45380546
OS 13.1615053 45.39626938
OS 13.11583864 45.35060272
OS 13.0807587 45.36000072
OS 12.81324082 45.36000072
OS 12.554839 45.29076286
OS 12.32316052 45.15700392
OS 12.13399656 44.96783996
OS 12.00023762 44.73616148
OS 11.93099976 44.47775966
OS 11.93099976 44.21024178
OS 12.00023762 43.95183996
OS 12.13399656 43.72016148
OS 12.32316052 43.53099752
OS 12.46792782 43.44741628
OS 12.50023662 43.32683994
OS 12.63399556 43.09516146
OS 12.82315952 42.9059975
OS 13.054838 42.77223856
OS 13.31323982 42.7030007
OS 13.5807577 42.7030007
OS 13.83915952 42.77223856
OS 14.070838 42.9059975
OS 14.26000196 43.09516146
OS 14.3937609 43.32683994
OS 14.4260697 43.44741628
OS 14.570837 43.53099752
OS 14.76000096 43.72016148
OS 14.8937599 43.95183996
OS 14.96299776 44.21024178
OS 14.96299776 44.47775966
OS 14.8937599 44.73616148
OS 14.76000096 44.96783996
OS 14.570837 45.15700392
OS 14.33915852 45.29076286
OS 14.25849574 45.31237572
OS 14.25041346 45.32688674
OS 14.23132282 45.45113846
OS 14.3690467 45.58886234
OS 14.46099978 45.81085834
OS 14.46099978 46.05114234
OS 14.3690467 46.27313834
OS 14.19913848 46.44304656
OS 13.97714248 46.53499964
OE
OB 19.88314286 45.94899878 H
OS 19.64285886 45.94899878
OS 19.42086286 45.8570457
OS 19.25095464 45.68713748
OS 19.15900156 45.46514148
OS 19.15900156 45.22485748
OS 19.25095464 45.00286148
OS 19.42086286 44.83295326
OS 19.64285886 44.74100018
OS 19.88314286 44.74100018
OS 20.10513886 44.83295326
OS 20.27504708 45.00286148
OS 20.36700016 45.22485748
OS 20.36700016 45.46514148
OS 20.27504708 45.68713748
OS 20.10513886 45.8570457
OS 19.88314286 45.94899878
OE
OB 28.78114132 40.83699986 H
OS 28.54085732 40.83699986
OS 28.31886132 40.74504678
OS 28.1489531 40.57513856
OS 28.05700002 40.35314256
OS 28.05700002 40.11285856
OS 28.1489531 39.89086256
OS 28.31886132 39.72095434
OS 28.54085732 39.62900126
OS 28.78114132 39.62900126
OS 29.00313732 39.72095434
OS 29.17304554 39.89086256
OS 29.26499862 40.11285856
OS 29.26499862 40.35314256
OS 29.17304554 40.57513856
OS 29.00313732 40.74504678
OS 28.78114132 40.83699986
OE
OB 38.4201416 40.60399804 H
OS 38.1798576 40.60399804
OS 37.9578616 40.51204496
OS 37.78795338 40.34213674
OS 37.6960003 40.12014074
OS 37.6960003 39.87985674
OS 37.78795338 39.65786074
OS 37.9578616 39.48795252
OS 38.1798576 39.39599944
OS 38.4201416 39.39599944
OS 38.6421376 39.48795252
OS 38.81204582 39.65786074
OS 38.9039989 39.87985674
OS 38.9039989 40.12014074
OS 38.81204582 40.34213674
OS 38.6421376 40.51204496
OS 38.4201416 40.60399804
OE
OB 34.32014218 40.60399804 H
OS 34.07985818 40.60399804
OS 33.85786218 40.51204496
OS 33.68795396 40.34213674
OS 33.59600088 40.12014074
OS 33.59600088 39.87985674
OS 33.68795396 39.65786074
OS 33.85786218 39.48795252
OS 34.07985818 39.39599944
OS 34.32014218 39.39599944
OS 34.54213818 39.48795252
OS 34.7120464 39.65786074
OS 34.80399948 39.87985674
OS 34.80399948 40.12014074
OS 34.7120464 40.34213674
OS 34.54213818 40.51204496
OS 34.32014218 40.60399804
OE
OB 32.72014284 40.60399804 H
OS 32.47985884 40.60399804
OS 32.25786284 40.51204496
OS 32.08795462 40.34213674
OS 31.99600154 40.12014074
OS 31.99600154 39.87985674
OS 32.08795462 39.65786074
OS 32.25786284 39.48795252
OS 32.47985884 39.39599944
OS 32.72014284 39.39599944
OS 32.94213884 39.48795252
OS 33.11204706 39.65786074
OS 33.20400014 39.87985674
OS 33.20400014 40.12014074
OS 33.11204706 40.34213674
OS 32.94213884 40.51204496
OS 32.72014284 40.60399804
OE
OB 33.42414194 37.4040019 H
OS 33.18385794 37.4040019
OS 32.96186194 37.31204882
OS 32.79195372 37.1421406
OS 32.70000064 36.9201446
OS 32.70000064 36.6798606
OS 32.79195372 36.4578646
OS 32.96186194 36.28795638
OS 33.18385794 36.1960033
OS 33.42414194 36.1960033
OS 33.64613794 36.28795638
OS 33.81604616 36.4578646
OS 33.90799924 36.6798606
OS 33.90799924 36.9201446
OS 33.81604616 37.1421406
OS 33.64613794 37.31204882
OS 33.42414194 37.4040019
OE
OB 12.441301 34.90639958 H
OS 11.958701 34.90639958
OS 11.958701 34.09359958
OS 12.441301 34.09359958
OS 12.441301 34.90639958
OE
OB 14.32014154 35.10399888 H
OS 14.07985754 35.10399888
OS 13.85786154 35.0120458
OS 13.68795332 34.84213758
OS 13.59600024 34.62014158
OS 13.59600024 34.37985758
OS 13.68795332 34.15786158
OS 13.85786154 33.98795336
OS 14.07985754 33.89600028
OS 14.32014154 33.89600028
OS 14.54213754 33.98795336
OS 14.71204576 34.15786158
OS 14.80399884 34.37985758
OS 14.80399884 34.62014158
OS 14.71204576 34.84213758
OS 14.54213754 35.0120458
OS 14.32014154 35.10399888
OE
OB 9.48814206 34.69999918 H
OS 9.24785806 34.69999918
OS 9.02586206 34.6080461
OS 8.85595384 34.43813788
OS 8.76400076 34.21614188
OS 8.76400076 33.97585788
OS 8.85595384 33.75386188
OS 9.02586206 33.58395366
OS 9.24785806 33.49200058
OS 9.48814206 33.49200058
OS 9.71013806 33.58395366
OS 9.88004628 33.75386188
OS 9.97199936 33.97585788
OS 9.97199936 34.21614188
OS 9.88004628 34.43813788
OS 9.71013806 34.6080461
OS 9.48814206 34.69999918
OE
OB 13.5954008 32.52589888 H
OS 12.7826008 32.52589888
OS 12.7826008 31.84009888
OS 13.5954008 31.84009888
OS 13.5954008 32.52589888
OE
OB 11.5134009 32.49190098 H
OS 10.7006009 32.49190098
OS 10.7006009 31.80610098
OS 11.5134009 31.80610098
OS 11.5134009 32.49190098
OE
OB 9.92014272 30.40399812 H
OS 9.67985872 30.40399812
OS 9.45786272 30.31204504
OS 9.2879545 30.14213682
OS 9.19600142 29.92014082
OS 9.19600142 29.67985682
OS 9.2879545 29.45786082
OS 9.45786272 29.2879526
OS 9.67985872 29.19599952
OS 9.92014272 29.19599952
OS 10.14213872 29.2879526
OS 10.31204694 29.45786082
OS 10.40400002 29.67985682
OS 10.40400002 29.92014082
OS 10.31204694 30.14213682
OS 10.14213872 30.31204504
OS 9.92014272 30.40399812
OE
OB 7.92014164 30.20399852 H
OS 7.67985764 30.20399852
OS 7.45786164 30.11204544
OS 7.28795342 29.94213722
OS 7.19600034 29.72014122
OS 7.19600034 29.47985722
OS 7.28795342 29.25786122
OS 7.45786164 29.087953
OS 7.67985764 28.99599992
OS 7.92014164 28.99599992
OS 8.14213764 29.087953
OS 8.31204586 29.25786122
OS 8.40399894 29.47985722
OS 8.40399894 29.72014122
OS 8.31204586 29.94213722
OS 8.14213764 30.11204544
OS 7.92014164 30.20399852
OE
OB 4.92014256 28.50399938 H
OS 4.67985856 28.50399938
OS 4.45786256 28.4120463
OS 4.28795434 28.24213808
OS 4.19600126 28.02014208
OS 4.19600126 27.77985808
OS 4.28795434 27.55786208
OS 4.45786256 27.38795386
OS 4.67985856 27.29600078
OS 4.92014256 27.29600078
OS 5.14213856 27.38795386
OS 5.31204678 27.55786208
OS 5.40399986 27.77985808
OS 5.40399986 28.02014208
OS 5.31204678 28.24213808
OS 5.14213856 28.4120463
OS 4.92014256 28.50399938
OE
OB 8.00640004 27.54289894 H
OS 7.19360004 27.54289894
OS 7.19360004 26.85709894
OS 8.00640004 26.85709894
OS 8.00640004 27.54289894
OE
OB 37.02014186 28.00400038 H
OS 36.77985786 28.00400038
OS 36.55786186 27.9120473
OS 36.38795364 27.74213908
OS 36.29600056 27.52014308
OS 36.29600056 27.27985908
OS 36.38795364 27.05786308
OS 36.55786186 26.88795486
OS 36.77985786 26.79600178
OS 37.02014186 26.79600178
OS 37.24213786 26.88795486
OS 37.41204608 27.05786308
OS 37.50399916 27.27985908
OS 37.50399916 27.52014308
OS 37.41204608 27.74213908
OS 37.24213786 27.9120473
OS 37.02014186 28.00400038
OE
OB 30.42014236 27.50399884 H
OS 30.17985836 27.50399884
OS 29.95786236 27.41204576
OS 29.78795414 27.24213754
OS 29.69600106 27.02014154
OS 29.69600106 26.77985754
OS 29.78795414 26.55786154
OS 29.95786236 26.38795332
OS 30.17985836 26.29600024
OS 30.42014236 26.29600024
OS 30.64213836 26.38795332
OS 30.81204658 26.55786154
OS 30.90399966 26.77985754
OS 30.90399966 27.02014154
OS 30.81204658 27.24213754
OS 30.64213836 27.41204576
OS 30.42014236 27.50399884
OE
OB 10.5031413 27.37499986 H
OS 10.2628573 27.37499986
OS 10.0408613 27.28304678
OS 9.87095308 27.11313856
OS 9.779 26.89114256
OS 9.779 26.65085856
OS 9.87095308 26.42886256
OS 10.0408613 26.25895434
OS 10.2628573 26.16700126
OS 10.5031413 26.16700126
OS 10.7251373 26.25895434
OS 10.73700164 26.27081868
OS 10.86400164 26.21821274
OS 10.86400164 26.10785736
OS 10.95595472 25.88586136
OS 11.12586294 25.71595314
OS 11.34785894 25.62400006
OS 11.58814294 25.62400006
OS 11.81013894 25.71595314
OS 11.98004716 25.88586136
OS 12.07200024 26.10785736
OS 12.07200024 26.34814136
OS 11.98004716 26.57013736
OS 11.81013894 26.74004558
OS 11.58814294 26.83199866
OS 11.34785894 26.83199866
OS 11.12586294 26.74004558
OS 11.1139986 26.72818124
OS 10.9869986 26.78078718
OS 10.9869986 26.89114256
OS 10.89504552 27.11313856
OS 10.7251373 27.28304678
OS 10.5031413 27.37499986
OE
OB 5.82014076 26.6039981 H
OS 5.57985676 26.6039981
OS 5.35786076 26.51204502
OS 5.18795254 26.3421368
OS 5.09599946 26.1201408
OS 5.09599946 25.8798568
OS 5.18795254 25.6578608
OS 5.35786076 25.48795258
OS 5.57985676 25.3959995
OS 5.82014076 25.3959995
OS 6.04213676 25.48795258
OS 6.21204498 25.6578608
OS 6.30399806 25.8798568
OS 6.30399806 26.1201408
OS 6.21204498 26.3421368
OS 6.04213676 26.51204502
OS 5.82014076 26.6039981
OE
OB 3.62014262 26.6039981 H
OS 3.37985862 26.6039981
OS 3.15786262 26.51204502
OS 2.9879544 26.3421368
OS 2.89600132 26.1201408
OS 2.89600132 25.8798568
OS 2.9879544 25.6578608
OS 3.15786262 25.48795258
OS 3.37985862 25.3959995
OS 3.62014262 25.3959995
OS 3.84213862 25.48795258
OS 4.01204684 25.6578608
OS 4.10399992 25.8798568
OS 4.10399992 26.1201408
OS 4.01204684 26.3421368
OS 3.84213862 26.51204502
OS 3.62014262 26.6039981
OE
OB 34.62014158 27.10399964 H
OS 34.37985758 27.10399964
OS 34.15786158 27.01204656
OS 33.98795336 26.84213834
OS 33.89600028 26.62014234
OS 33.89600028 26.37985834
OS 33.98795336 26.15786234
OS 34.15786158 25.98795412
OS 34.37985758 25.89600104
OS 34.62014158 25.89600104
OS 34.76899828 25.95765954
OS 34.89600082 25.8758817
OS 34.89600082 25.779857
OS 34.9879539 25.557861
OS 35.15786212 25.38795278
OS 35.37985812 25.2959997
OS 35.62014212 25.2959997
OS 35.84213812 25.38795278
OS 36.01204634 25.557861
OS 36.10399942 25.779857
OS 36.10399942 26.020141
OS 36.01204634 26.242137
OS 35.84213812 26.41204522
OS 35.62014212 26.5039983
OS 35.37985812 26.5039983
OS 35.23100142 26.4423398
OS 35.10399888 26.52411764
OS 35.10399888 26.62014234
OS 35.0120458 26.84213834
OS 34.84213758 27.01204656
OS 34.62014158 27.10399964
OE
OB 32.78036116 24.95399886 H
OS 32.61964012 24.95399886
OS 32.47115426 24.89249276
OS 32.35750704 24.77884554
OS 32.29600094 24.63035968
OS 32.29600094 24.46963864
OS 32.35750704 24.32115278
OS 32.47115426 24.20750556
OS 32.61964012 24.14599946
OS 32.78036116 24.14599946
OS 32.92884702 24.20750556
OS 33.04249424 24.32115278
OS 33.10400034 24.46963864
OS 33.10400034 24.63035968
OS 33.04249424 24.77884554
OS 32.92884702 24.89249276
OS 32.78036116 24.95399886
OE
OB 12.03614306 25.22499908 H
OS 11.79585906 25.22499908
OS 11.57386306 25.133046
OS 11.40395484 24.96313778
OS 11.31200176 24.74114178
OS 11.31200176 24.50085778
OS 11.40395484 24.27886178
OS 11.57386306 24.10895356
OS 11.79585906 24.01700048
OS 12.03614306 24.01700048
OS 12.25813906 24.10895356
OS 12.42804728 24.27886178
OS 12.52000036 24.50085778
OS 12.52000036 24.74114178
OS 12.42804728 24.96313778
OS 12.25813906 25.133046
OS 12.03614306 25.22499908
OE
OB 10.34014188 24.9569986 H
OS 10.09985788 24.9569986
OS 9.87786188 24.86504552
OS 9.70795366 24.6951373
OS 9.61600058 24.4731413
OS 9.61600058 24.2328573
OS 9.70795366 24.0108613
OS 9.87786188 23.84095308
OS 10.09985788 23.749
OS 10.34014188 23.749
OS 10.56213788 23.84095308
OS 10.7320461 24.0108613
OS 10.82399918 24.2328573
OS 10.82399918 24.4731413
OS 10.7320461 24.6951373
OS 10.56213788 24.86504552
OS 10.34014188 24.9569986
OE
OB 27.22014114 24.70399936 H
OS 26.97985714 24.70399936
OS 26.75786114 24.61204628
OS 26.58795292 24.44213806
OS 26.49599984 24.22014206
OS 26.49599984 23.97985806
OS 26.58795292 23.75786206
OS 26.75786114 23.58795384
OS 26.97985714 23.49600076
OS 27.22014114 23.49600076
OS 27.44213714 23.58795384
OS 27.61204536 23.75786206
OS 27.70399844 23.97985806
OS 27.70399844 24.22014206
OS 27.61204536 24.44213806
OS 27.44213714 24.61204628
OS 27.22014114 24.70399936
OE
OB 6.8201413 24.70399936 H
OS 6.5798573 24.70399936
OS 6.3578613 24.61204628
OS 6.18795308 24.44213806
OS 6.096 24.22014206
OS 6.096 23.97985806
OS 6.18795308 23.75786206
OS 6.3578613 23.58795384
OS 6.5798573 23.49600076
OS 6.8201413 23.49600076
OS 7.0421373 23.58795384
OS 7.21204552 23.75786206
OS 7.3039986 23.97985806
OS 7.3039986 24.22014206
OS 7.21204552 24.44213806
OS 7.0421373 24.61204628
OS 6.8201413 24.70399936
OE
OB 24.42014166 24.60399956 H
OS 24.17985766 24.60399956
OS 23.95786166 24.51204648
OS 23.78795344 24.34213826
OS 23.69600036 24.12014226
OS 23.69600036 23.87985826
OS 23.78795344 23.65786226
OS 23.95786166 23.48795404
OS 24.17985766 23.39600096
OS 24.42014166 23.39600096
OS 24.64213766 23.48795404
OS 24.81204588 23.65786226
OS 24.90399896 23.87985826
OS 24.90399896 24.12014226
OS 24.81204588 24.34213826
OS 24.64213766 24.51204648
OS 24.42014166 24.60399956
OE
OB 4.52014082 24.60399956 H
OS 4.27985682 24.60399956
OS 4.05786082 24.51204648
OS 3.8879526 24.34213826
OS 3.79599952 24.12014226
OS 3.79599952 23.87985826
OS 3.8879526 23.65786226
OS 4.05786082 23.48795404
OS 4.27985682 23.39600096
OS 4.52014082 23.39600096
OS 4.74213682 23.48795404
OS 4.91204504 23.65786226
OS 5.00399812 23.87985826
OS 5.00399812 24.12014226
OS 4.91204504 24.34213826
OS 4.74213682 24.51204648
OS 4.52014082 24.60399956
OE
OB 33.82391762 23.7126907 H
OS 33.66319658 23.7126907
OS 33.51471072 23.6511846
OS 33.4010635 23.53753738
OS 33.3395574 23.38905152
OS 33.3395574 23.22833048
OS 33.4010635 23.07984462
OS 33.51471072 22.9661974
OS 33.66319658 22.9046913
OS 33.82391762 22.9046913
OS 33.97240348 22.9661974
OS 34.0860507 23.07984462
OS 34.1475568 23.22833048
OS 34.1475568 23.38905152
OS 34.0860507 23.53753738
OS 33.97240348 23.6511846
OS 33.82391762 23.7126907
OE
OB 29.62014142 24.10400056 H
OS 29.37985742 24.10400056
OS 29.15786142 24.01204748
OS 28.9879532 23.84213926
OS 28.89600012 23.62014326
OS 28.89600012 23.37985926
OS 28.9879532 23.15786326
OS 29.15786142 22.98795504
OS 29.37985742 22.89600196
OS 29.62014142 22.89600196
OS 29.84213742 22.98795504
OS 30.01204564 23.15786326
OS 30.10399872 23.37985926
OS 30.10399872 23.62014326
OS 30.01204564 23.84213926
OS 29.84213742 24.01204748
OS 29.62014142 24.10400056
OE
OB 31.73036326 23.70399882 H
OS 31.56964222 23.70399882
OS 31.42115636 23.64249272
OS 31.30750914 23.5288455
OS 31.24600304 23.38035964
OS 31.24600304 23.2196386
OS 31.30750914 23.07115274
OS 31.42115636 22.95750552
OS 31.56964222 22.89599942
OS 31.73036326 22.89599942
OS 31.87884912 22.95750552
OS 31.99249634 23.07115274
OS 32.05400244 23.2196386
OS 32.05400244 23.38035964
OS 31.99249634 23.5288455
OS 31.87884912 23.64249272
OS 31.73036326 23.70399882
OE
OB 22.74314222 23.31899832 H
OS 22.50285822 23.31899832
OS 22.28086222 23.22704524
OS 22.110954 23.05713702
OS 22.01900092 22.83514102
OS 22.01900092 22.59485702
OS 22.110954 22.37286102
OS 22.28086222 22.2029528
OS 22.50285822 22.11099972
OS 22.74314222 22.11099972
OS 22.96513822 22.2029528
OS 23.13504644 22.37286102
OS 23.22699952 22.59485702
OS 23.22699952 22.83514102
OS 23.13504644 23.05713702
OS 22.96513822 23.22704524
OS 22.74314222 23.31899832
OE
OB 28.52014108 22.90400042 H
OS 28.27985708 22.90400042
OS 28.05786108 22.81204734
OS 27.88795286 22.64213912
OS 27.79599978 22.42014312
OS 27.79599978 22.17985912
OS 27.88795286 21.95786312
OS 28.05786108 21.7879549
OS 28.27985708 21.69600182
OS 28.52014108 21.69600182
OS 28.74213708 21.7879549
OS 28.9120453 21.95786312
OS 29.00399838 22.17985912
OS 29.00399838 22.42014312
OS 28.9120453 22.64213912
OS 28.74213708 22.81204734
OS 28.52014108 22.90400042
OE
OB 32.78036116 22.45399878 H
OS 32.61964012 22.45399878
OS 32.47115426 22.39249268
OS 32.35750704 22.27884546
OS 32.29600094 22.1303596
OS 32.29600094 21.96963856
OS 32.35750704 21.8211527
OS 32.47115426 21.70750548
OS 32.61964012 21.64599938
OS 32.78036116 21.64599938
OS 32.92884702 21.70750548
OS 33.04249424 21.8211527
OS 33.10400034 21.96963856
OS 33.10400034 22.1303596
OS 33.04249424 22.27884546
OS 32.92884702 22.39249268
OS 32.78036116 22.45399878
OE
OB 18.44714116 21.9169996 H
OS 18.20685716 21.9169996
OS 17.98486116 21.82504652
OS 17.81495294 21.6551383
OS 17.72299986 21.4331423
OS 17.72299986 21.1928583
OS 17.81495294 20.9708623
OS 17.98486116 20.80095408
OS 18.20685716 20.709001
OS 18.44714116 20.709001
OS 18.66913716 20.80095408
OS 18.83904538 20.9708623
OS 18.93099846 21.1928583
OS 18.93099846 21.4331423
OS 18.83904538 21.6551383
OS 18.66913716 21.82504652
OS 18.44714116 21.9169996
OE
OB 29.82014102 21.50399814 H
OS 29.57985702 21.50399814
OS 29.35786102 21.41204506
OS 29.1879528 21.24213684
OS 29.09599972 21.02014084
OS 29.09599972 20.77985684
OS 29.1879528 20.55786084
OS 29.35786102 20.38795262
OS 29.57985702 20.29599954
OS 29.82014102 20.29599954
OS 30.04213702 20.38795262
OS 30.21204524 20.55786084
OS 30.30399832 20.77985684
OS 30.30399832 21.02014084
OS 30.21204524 21.24213684
OS 30.04213702 21.41204506
OS 29.82014102 21.50399814
OE
OB 23.62014326 21.00399914 H
OS 23.37985926 21.00399914
OS 23.15786326 20.91204606
OS 22.98795504 20.74213784
OS 22.89600196 20.52014184
OS 22.89600196 20.27985784
OS 22.98795504 20.05786184
OS 23.15786326 19.88795362
OS 23.37985926 19.79600054
OS 23.62014326 19.79600054
OS 23.84213926 19.88795362
OS 24.01204748 20.05786184
OS 24.10400056 20.27985784
OS 24.10400056 20.52014184
OS 24.01204748 20.74213784
OS 23.84213926 20.91204606
OS 23.62014326 21.00399914
OE
OB 9.45214264 20.92299854 H
OS 9.21185864 20.92299854
OS 8.98986264 20.83104546
OS 8.81995442 20.66113724
OS 8.72800134 20.43914124
OS 8.72800134 20.19885724
OS 8.81995442 19.97686124
OS 8.98986264 19.80695302
OS 9.21185864 19.71499994
OS 9.45214264 19.71499994
OS 9.67413864 19.80695302
OS 9.84404686 19.97686124
OS 9.93599994 20.19885724
OS 9.93599994 20.43914124
OS 9.84404686 20.66113724
OS 9.67413864 20.83104546
OS 9.45214264 20.92299854
OE
OB 35.72014192 20.2039982 H
OS 35.47985792 20.2039982
OS 35.25786192 20.11204512
OS 35.0879537 19.9421369
OS 34.99600062 19.7201409
OS 34.99600062 19.4798569
OS 35.0879537 19.2578609
OS 35.25786192 19.08795268
OS 35.47985792 18.9959996
OS 35.72014192 18.9959996
OS 35.94213792 19.08795268
OS 36.11204614 19.2578609
OS 36.20399922 19.4798569
OS 36.20399922 19.7201409
OS 36.11204614 19.9421369
OS 35.94213792 20.11204512
OS 35.72014192 20.2039982
OE
OB 19.7591426 20.0039986 H
OS 19.5188586 20.0039986
OS 19.2968626 19.91204552
OS 19.12695438 19.7421373
OS 19.0350013 19.5201413
OS 19.0350013 19.2798573
OS 19.12695438 19.0578613
OS 19.2968626 18.88795308
OS 19.5188586 18.796
OS 19.7591426 18.796
OS 19.9811386 18.88795308
OS 20.15104682 19.0578613
OS 20.2429999 19.2798573
OS 20.2429999 19.5201413
OS 20.15104682 19.7421373
OS 19.9811386 19.91204552
OS 19.7591426 20.0039986
OE
OB 14.42014134 20.70399974 H
OS 14.17985734 20.70399974
OS 13.95786134 20.61204666
OS 13.78795312 20.44213844
OS 13.69600004 20.22014244
OS 13.69600004 19.97985844
OS 13.78795312 19.75786244
OS 13.95786134 19.58795422
OS 14.1798548 19.49600114
OS 14.2586964 19.4064001
OS 14.25869894 19.3689986
OS 14.25869894 18.5936001
OS 14.74129894 18.5936001
OS 14.74129894 19.4064001
OS 14.53569356 19.4064001
OS 14.51043326 19.5334001
OS 14.64213734 19.58795422
OS 14.81204556 19.75786244
OS 14.90399864 19.97985844
OS 14.90399864 20.22014244
OS 14.81204556 20.44213844
OS 14.64213734 20.61204666
OS 14.42014134 20.70399974
OE
OB 37.34114198 19.56500024 H
OS 37.10085798 19.56500024
OS 36.87886198 19.47304716
OS 36.70895376 19.30313894
OS 36.61700068 19.08114294
OS 36.61700068 18.84085894
OS 36.70895376 18.61886294
OS 36.87886198 18.44895472
OS 37.10085798 18.35700164
OS 37.34114198 18.35700164
OS 37.56313798 18.44895472
OS 37.7330462 18.61886294
OS 37.82499928 18.84085894
OS 37.82499928 19.08114294
OS 37.7330462 19.30313894
OS 37.56313798 19.47304716
OS 37.34114198 19.56500024
OE
OB 12.08214246 19.3769996 H
OS 11.84185846 19.3769996
OS 11.61986246 19.28504652
OS 11.44995424 19.1151383
OS 11.35800116 18.8931423
OS 11.35800116 18.6528583
OS 11.44995424 18.4308623
OS 11.61986246 18.26095408
OS 11.84185846 18.169001
OS 12.08214246 18.169001
OS 12.30413846 18.26095408
OS 12.47404668 18.4308623
OS 12.56599976 18.6528583
OS 12.56599976 18.8931423
OS 12.47404668 19.1151383
OS 12.30413846 19.28504652
OS 12.08214246 19.3769996
OE
OB 8.34314308 19.7579996 H
OS 8.10285908 19.7579996
OS 7.88086308 19.66604652
OS 7.71095486 19.4961383
OS 7.61900178 19.2741423
OS 7.61900178 19.0338583
OS 7.71095486 18.8118623
OS 7.88086308 18.64195408
OS 7.9247238 18.623788
OS 7.9247238 18.49678546
OS 7.91086302 18.49104506
OS 7.7409548 18.32113684
OS 7.64900172 18.09914084
OS 7.64900172 17.85885684
OS 7.7409548 17.63686084
OS 7.91086302 17.46695262
OS 8.13285902 17.37499954
OS 8.37314302 17.37499954
OS 8.59513902 17.46695262
OS 8.76504724 17.63686084
OS 8.85700032 17.85885684
OS 8.85700032 18.09914084
OS 8.76504724 18.32113684
OS 8.59513902 18.49104506
OS 8.5512783 18.50921114
OS 8.5512783 18.63621368
OS 8.56513908 18.64195408
OS 8.7350473 18.8118623
OS 8.82700038 19.0338583
OS 8.82700038 19.2741423
OS 8.7350473 19.4961383
OS 8.56513908 19.66604652
OS 8.34314308 19.7579996
OE
OB 12.11414138 17.18999864 H
OS 11.87385738 17.18999864
OS 11.65186138 17.09804556
OS 11.48195316 16.92813734
OS 11.39000008 16.70614134
OS 11.39000008 16.46585734
OS 11.48195316 16.24386134
OS 11.65186138 16.07395312
OS 11.87385738 15.98200004
OS 12.11414138 15.98200004
OS 12.33613738 16.07395312
OS 12.5060456 16.24386134
OS 12.59799868 16.46585734
OS 12.59799868 16.70614134
OS 12.5060456 16.92813734
OS 12.33613738 17.09804556
OS 12.11414138 17.18999864
OE
OB 22.71914176 15.61599874 H
OS 22.47885776 15.61599874
OS 22.25686176 15.52404566
OS 22.08695354 15.35413744
OS 22.03307506 15.2240615
OS 21.99761412 15.2099645
OS 21.88755846 15.20462542
OS 21.74513812 15.34704576
OS 21.52314212 15.43899884
OS 21.28285812 15.43899884
OS 21.06086212 15.34704576
OS 20.8909539 15.17713754
OS 20.79900082 14.95514154
OS 20.79900082 14.71485754
OS 20.8909539 14.49286154
OS 21.06086212 14.32295332
OS 21.28285812 14.23100024
OS 21.52314212 14.23100024
OS 21.74513812 14.32295332
OS 21.91504634 14.49286154
OS 21.96892482 14.62293748
OS 22.00438576 14.63703448
OS 22.11444142 14.64237356
OS 22.25686176 14.49995322
OS 22.47885776 14.40800014
OS 22.71914176 14.40800014
OS 22.94113776 14.49995322
OS 23.11104598 14.66986144
OS 23.20299906 14.89185744
OS 23.20299906 15.13214144
OS 23.11104598 15.35413744
OS 22.94113776 15.52404566
OS 22.71914176 15.61599874
OE
OB 25.06514164 17.05799992 H
OS 24.82485764 17.05799992
OS 24.60286164 16.96604684
OS 24.43295342 16.79613862
OS 24.34100034 16.57414262
OS 24.34100034 16.33385862
OS 24.43295342 16.11186262
OS 24.48842194 16.0563941
OS 24.4883686 15.8770574
OS 24.40776424 15.79645304
OS 24.31581116 15.57445704
OS 24.31581116 15.33417304
OS 24.40776424 15.11217704
OS 24.57767246 14.94226882
OS 24.79966846 14.85031574
OS 25.03995246 14.85031574
OS 25.26194846 14.94226882
OS 25.43185668 15.11217704
OS 25.52380976 15.33417304
OS 25.52380976 15.57445704
OS 25.43185668 15.79645304
OS 25.37638816 15.85192156
OS 25.3764415 16.03125826
OS 25.45704586 16.11186262
OS 25.54899894 16.33385862
OS 25.54899894 16.57414262
OS 25.45704586 16.79613862
OS 25.28713764 16.96604684
OS 25.06514164 17.05799992
OE
OB 8.42014318 13.86333016 H
OS 8.17985918 13.86333016
OS 7.95786318 13.77137708
OS 7.78795496 13.60146886
OS 7.69600188 13.37947286
OS 7.69600188 13.13918886
OS 7.78795496 12.91719286
OS 7.95786318 12.74728464
OS 8.17985918 12.65533156
OS 8.42014318 12.65533156
OS 8.64213918 12.74728464
OS 8.8120474 12.91719286
OS 8.90400048 13.13918886
OS 8.90400048 13.37947286
OS 8.8120474 13.60146886
OS 8.64213918 13.77137708
OS 8.42014318 13.86333016
OE
OB 5.62014116 13.86333016 H
OS 5.37985716 13.86333016
OS 5.15786116 13.77137708
OS 4.98795294 13.60146886
OS 4.89599986 13.37947286
OS 4.89599986 13.13918886
OS 4.98795294 12.91719286
OS 5.15786116 12.74728464
OS 5.37985716 12.65533156
OS 5.62014116 12.65533156
OS 5.84213716 12.74728464
OS 6.01204538 12.91719286
OS 6.10399846 13.13918886
OS 6.10399846 13.37947286
OS 6.01204538 13.60146886
OS 5.84213716 13.77137708
OS 5.62014116 13.86333016
OE
OB 2.92014148 13.86333016 H
OS 2.67985748 13.86333016
OS 2.45786148 13.77137708
OS 2.28795326 13.60146886
OS 2.19600018 13.37947286
OS 2.19600018 13.13918886
OS 2.28795326 12.91719286
OS 2.45786148 12.74728464
OS 2.67985748 12.65533156
OS 2.92014148 12.65533156
OS 3.14213748 12.74728464
OS 3.3120457 12.91719286
OS 3.40399878 13.13918886
OS 3.40399878 13.37947286
OS 3.3120457 13.60146886
OS 3.14213748 13.77137708
OS 2.92014148 13.86333016
OE
OB 30.52014216 14.03299708 H
OS 30.27985816 14.03299708
OS 30.05786216 13.941044
OS 29.88795394 13.77113578
OS 29.79600086 13.54913978
OS 29.79600086 13.30885578
OS 29.88795394 13.08685978
OS 30.05786216 12.91695156
OS 30.27985816 12.82499848
OS 30.52014216 12.82499848
OS 30.54153404 12.83386054
OS 30.6380007 12.73635248
OS 30.6380007 12.51985812
OS 30.72995378 12.29786212
OS 30.899862 12.1279539
OS 31.121858 12.03600082
OS 31.362142 12.03600082
OS 31.584138 12.1279539
OS 31.75404622 12.29786212
OS 31.8459993 12.51985812
OS 31.8459993 12.76014212
OS 31.75404622 12.98213812
OS 31.584138 13.15204634
OS 31.362142 13.24399942
OS 31.121858 13.24399942
OS 31.10046612 13.23513736
OS 31.00399946 13.33264542
OS 31.00399946 13.54913978
OS 30.91204638 13.77113578
OS 30.74213816 13.941044
OS 30.52014216 14.03299708
OE
OB 35.53375672 11.36599962 H
OS 35.26623884 11.36599962
OS 35.00783702 11.29676176
OS 34.89999878 11.23450128
OS 34.79216054 11.29676176
OS 34.53375872 11.36599962
OS 34.26624084 11.36599962
OS 34.00783902 11.29676176
OS 33.77616054 11.16300282
OS 33.58699658 10.97383886
OS 33.45323764 10.74216038
OS 33.38399978 10.48375856
OS 33.38399978 10.21624068
OS 33.45323764 9.95783886
OS 33.50106584 9.8749993
OS 33.45323764 9.79215974
OS 33.38399978 9.53375792
OS 33.38399978 9.26624004
OS 33.45323764 9.00783822
OS 33.50106584 8.92499866
OS 33.45323764 8.8421591
OS 33.38399978 8.58375728
OS 33.38399978 8.3162394
OS 33.45323764 8.05783758
OS 33.58699658 7.8261591
OS 33.77616054 7.63699514
OS 34.00783902 7.5032362
OS 34.26624084 7.43399834
OS 34.53375872 7.43399834
OS 34.79216054 7.5032362
OS 34.89999878 7.56549668
OS 35.00783702 7.5032362
OS 35.26623884 7.43399834
OS 35.53375672 7.43399834
OS 35.79215854 7.5032362
OS 36.02383702 7.63699514
OS 36.21300098 7.8261591
OS 36.34675992 8.05783758
OS 36.41599778 8.3162394
OS 36.41599778 8.58375728
OS 36.34675992 8.8421591
OS 36.29893172 8.92499866
OS 36.34675992 9.00783822
OS 36.41599778 9.26624004
OS 36.41599778 9.53375792
OS 36.34675992 9.79215974
OS 36.29893172 9.8749993
OS 36.34675992 9.95783886
OS 36.41599778 10.21624068
OS 36.41599778 10.48375856
OS 36.34675992 10.74216038
OS 36.21300098 10.97383886
OS 36.02383702 11.16300282
OS 35.79215854 11.29676176
OS 35.53375672 11.36599962
OE
OB 38.50214296 12.36500194 H
OS 38.26185896 12.36500194
OS 38.03986296 12.27304886
OS 37.86995474 12.10314064
OS 37.77800166 11.88114464
OS 37.77800166 11.64086064
OS 37.86995474 11.41886464
OS 38.03986296 11.24895642
OS 38.26185896 11.15700334
OS 38.50214296 11.15700334
OS 38.72413896 11.24895642
OS 38.89404718 11.41886464
OS 38.98600026 11.64086064
OS 38.98600026 11.88114464
OS 38.89404718 12.10314064
OS 38.72413896 12.27304886
OS 38.50214296 12.36500194
OE
OB 20.53914104 12.10999864 H
OS 20.29885704 12.10999864
OS 20.07686104 12.01804556
OS 19.90695282 11.84813734
OS 19.81499974 11.62614134
OS 19.81499974 11.38585734
OS 19.90695282 11.16386134
OS 20.07686104 10.99395312
OS 20.29885704 10.90200004
OS 20.53914104 10.90200004
OS 20.76113704 10.99395312
OS 20.93104526 11.16386134
OS 21.02299834 11.38585734
OS 21.02299834 11.62614134
OS 20.93104526 11.84813734
OS 20.76113704 12.01804556
OS 20.53914104 12.10999864
OE
OB 11.92014126 12.00399936 H
OS 11.67985726 12.00399936
OS 11.45786126 11.91204628
OS 11.28795304 11.74213806
OS 11.19599996 11.52014206
OS 11.19599996 11.27985806
OS 11.28795304 11.05786206
OS 11.45786126 10.88795384
OS 11.67985726 10.79600076
OS 11.92014126 10.79600076
OS 12.14213726 10.88795384
OS 12.31204548 11.05786206
OS 12.40399856 11.27985806
OS 12.40399856 11.52014206
OS 12.31204548 11.74213806
OS 12.14213726 11.91204628
OS 11.92014126 12.00399936
OE
OB 5.72014096 11.56332968 H
OS 5.47985696 11.56332968
OS 5.25786096 11.4713766
OS 5.08795274 11.30146838
OS 4.99599966 11.07947238
OS 4.99599966 10.83918838
OS 5.08795274 10.61719238
OS 5.25786096 10.44728416
OS 5.47985696 10.35533108
OS 5.72014096 10.35533108
OS 5.94213696 10.44728416
OS 6.11204518 10.61719238
OS 6.20399826 10.83918838
OS 6.20399826 11.07947238
OS 6.11204518 11.30146838
OS 5.94213696 11.4713766
OS 5.72014096 11.56332968
OE
OB 2.92014148 11.56332968 H
OS 2.67985748 11.56332968
OS 2.45786148 11.4713766
OS 2.28795326 11.30146838
OS 2.19600018 11.07947238
OS 2.19600018 10.83918838
OS 2.28795326 10.61719238
OS 2.45786148 10.44728416
OS 2.67985748 10.35533108
OS 2.92014148 10.35533108
OS 3.14213748 10.44728416
OS 3.3120457 10.61719238
OS 3.40399878 10.83918838
OS 3.40399878 11.07947238
OS 3.3120457 11.30146838
OS 3.14213748 11.4713766
OS 2.92014148 11.56332968
OE
OB 14.54129934 10.90639932 H
OS 14.05869934 10.90639932
OS 14.05869934 10.09359932
OS 14.54129934 10.09359932
OS 14.54129934 10.90639932
OE
OB 26.66214124 10.44699968 H
OS 26.42185724 10.44699968
OS 26.19986124 10.3550466
OS 26.02995302 10.18513838
OS 25.93799994 9.96314238
OS 25.93799994 9.72285838
OS 26.02995302 9.50086238
OS 26.19986124 9.33095416
OS 26.42185724 9.23900108
OS 26.66214124 9.23900108
OS 26.88413724 9.33095416
OS 27.05404546 9.50086238
OS 27.14599854 9.72285838
OS 27.14599854 9.96314238
OS 27.05404546 10.18513838
OS 26.88413724 10.3550466
OS 26.66214124 10.44699968
OE
OB 31.8201421 11.20399842 H
OS 31.5798581 11.20399842
OS 31.3578621 11.11204534
OS 31.18795388 10.94213712
OS 31.0960008 10.72014112
OS 31.0960008 10.47985712
OS 31.18795388 10.25786112
OS 31.3578621 10.0879529
OS 31.56737908 10.00116872
OS 31.59437674 9.94325164
OS 31.61481612 9.86899982
OS 31.48795328 9.74213698
OS 31.3960002 9.52014098
OS 31.3960002 9.27985698
OS 31.48795328 9.05786098
OS 31.6578615 8.88795276
OS 31.8798575 8.79599968
OS 32.1201415 8.79599968
OS 32.3421375 8.88795276
OS 32.51204572 9.05786098
OS 32.6039988 9.27985698
OS 32.6039988 9.52014098
OS 32.51204572 9.74213698
OS 32.3421375 9.9120452
OS 32.13262052 9.99882938
OS 32.10562286 10.05674646
OS 32.08518348 10.13099828
OS 32.21204632 10.25786112
OS 32.3039994 10.47985712
OS 32.3039994 10.72014112
OS 32.21204632 10.94213712
OS 32.0421381 11.11204534
OS 31.8201421 11.20399842
OE
OB 8.52014298 9.363329 H
OS 8.27985898 9.363329
OS 8.05786298 9.27137592
OS 7.88795476 9.1014677
OS 7.79600168 8.8794717
OS 7.79600168 8.6391877
OS 7.88795476 8.4171917
OS 8.05786298 8.24728348
OS 8.27985898 8.1553304
OS 8.52014298 8.1553304
OS 8.74213898 8.24728348
OS 8.9120472 8.4171917
OS 9.00400028 8.6391877
OS 9.00400028 8.8794717
OS 8.9120472 9.1014677
OS 8.74213898 9.27137592
OS 8.52014298 9.363329
OE
OB 5.82014076 9.363329 H
OS 5.57985676 9.363329
OS 5.35786076 9.27137592
OS 5.18795254 9.1014677
OS 5.09599946 8.8794717
OS 5.09599946 8.6391877
OS 5.18795254 8.4171917
OS 5.35786076 8.24728348
OS 5.57985676 8.1553304
OS 5.82014076 8.1553304
OS 6.04213676 8.24728348
OS 6.21204498 8.4171917
OS 6.30399806 8.6391877
OS 6.30399806 8.8794717
OS 6.21204498 9.1014677
OS 6.04213676 9.27137592
OS 5.82014076 9.363329
OE
OB 3.02014128 9.363329 H
OS 2.77985728 9.363329
OS 2.55786128 9.27137592
OS 2.38795306 9.1014677
OS 2.29599998 8.8794717
OS 2.29599998 8.6391877
OS 2.38795306 8.4171917
OS 2.55786128 8.24728348
OS 2.77985728 8.1553304
OS 3.02014128 8.1553304
OS 3.24213728 8.24728348
OS 3.4120455 8.4171917
OS 3.50399858 8.6391877
OS 3.50399858 8.8794717
OS 3.4120455 9.1014677
OS 3.24213728 9.27137592
OS 3.02014128 9.363329
OE
OB 28.98314244 7.40899966 H
OS 28.74285844 7.40899966
OS 28.52086244 7.31704658
OS 28.35095422 7.14713836
OS 28.25900114 6.92514236
OS 28.25900114 6.68485836
OS 28.35095422 6.46286236
OS 28.52086244 6.29295414
OS 28.74285844 6.20100106
OS 28.98314244 6.20100106
OS 29.20513844 6.29295414
OS 29.37504666 6.46286236
OS 29.46699974 6.68485836
OS 29.46699974 6.92514236
OS 29.37504666 7.14713836
OS 29.20513844 7.31704658
OS 28.98314244 7.40899966
OE
OB 8.62014278 7.16333086 H
OS 8.37985878 7.16333086
OS 8.15786278 7.07137778
OS 7.98795456 6.90146956
OS 7.89600148 6.67947356
OS 7.89600148 6.43918956
OS 7.98795456 6.21719356
OS 8.15786278 6.04728534
OS 8.37985878 5.95533226
OS 8.62014278 5.95533226
OS 8.84213878 6.04728534
OS 9.012047 6.21719356
OS 9.10400008 6.43918956
OS 9.10400008 6.67947356
OS 9.012047 6.90146956
OS 8.84213878 7.07137778
OS 8.62014278 7.16333086
OE
OB 5.9201431 7.06332852 H
OS 5.6798591 7.06332852
OS 5.4578631 6.97137544
OS 5.28795488 6.80146722
OS 5.1960018 6.57947122
OS 5.1960018 6.33918722
OS 5.28795488 6.11719122
OS 5.4578631 5.947283
OS 5.6798591 5.85532992
OS 5.9201431 5.85532992
OS 6.1421391 5.947283
OS 6.31204732 6.11719122
OS 6.4040004 6.33918722
OS 6.4040004 6.57947122
OS 6.31204732 6.80146722
OS 6.1421391 6.97137544
OS 5.9201431 7.06332852
OE
OB 3.12014108 7.06332852 H
OS 2.87985708 7.06332852
OS 2.65786108 6.97137544
OS 2.48795286 6.80146722
OS 2.39599978 6.57947122
OS 2.39599978 6.33918722
OS 2.48795286 6.11719122
OS 2.65786108 5.947283
OS 2.87985708 5.85532992
OS 3.12014108 5.85532992
OS 3.34213708 5.947283
OS 3.5120453 6.11719122
OS 3.60399838 6.33918722
OS 3.60399838 6.57947122
OS 3.5120453 6.80146722
OS 3.34213708 6.97137544
OS 3.12014108 7.06332852
OE
OB 13.52014314 6.45399776 H
OS 13.27985914 6.45399776
OS 13.05786314 6.36204468
OS 12.88795492 6.19213646
OS 12.79600184 5.97014046
OS 12.79600184 5.72985646
OS 12.88795492 5.50786046
OS 13.05786314 5.33795224
OS 13.27985914 5.24599916
OS 13.52014314 5.24599916
OS 13.74213914 5.33795224
OS 13.91204736 5.50786046
OS 14.00400044 5.72985646
OS 14.00400044 5.97014046
OS 13.91204736 6.19213646
OS 13.74213914 6.36204468
OS 13.52014314 6.45399776
OE
OB 32.74290124 5.70639956 H
OS 32.05710124 5.70639956
OS 32.05710124 4.89359956
OS 32.74290124 4.89359956
OS 32.74290124 5.70639956
OE
OB 28.62014088 5.90399886 H
OS 28.37985688 5.90399886
OS 28.15786088 5.81204578
OS 27.98795266 5.64213756
OS 27.89599958 5.42014156
OS 27.89599958 5.17985756
OS 27.98795266 4.95786156
OS 28.15786088 4.78795334
OS 28.37985688 4.69600026
OS 28.62014088 4.69600026
OS 28.84213688 4.78795334
OS 29.0120451 4.95786156
OS 29.10399818 5.17985756
OS 29.10399818 5.42014156
OS 29.0120451 5.64213756
OS 28.84213688 5.81204578
OS 28.62014088 5.90399886
OE
OB 32.74290124 4.10640022 H
OS 32.05710124 4.10640022
OS 32.05710124 3.29360022
OS 32.74290124 3.29360022
OS 32.74290124 4.10640022
OE
OB 15.19919744 4.34920136 H
OS 14.00080004 4.34920136
OS 14.00080004 3.25079868
OS 15.19919744 3.25079868
OS 15.19919744 4.34920136
OE
OB 11.99919876 4.34920136 H
OS 10.80080136 4.34920136
OS 10.80080136 3.25079868
OS 11.99919876 3.25079868
OS 11.99919876 4.34920136
OE
OB 25.3201424 3.30399898 H
OS 25.0798584 3.30399898
OS 24.8578624 3.2120459
OS 24.68795418 3.04213768
OS 24.5960011 2.82014168
OS 24.5960011 2.57985768
OS 24.68795418 2.35786168
OS 24.8578624 2.18795346
OS 25.0798584 2.09600038
OS 25.3201424 2.09600038
OS 25.5421384 2.18795346
OS 25.71204662 2.35786168
OS 25.8039997 2.57985768
OS 25.8039997 2.82014168
OS 25.71204662 3.04213768
OS 25.5421384 3.2120459
OS 25.3201424 3.30399898
OE
OB 16.52014222 3.30399898 H
OS 16.27985822 3.30399898
OS 16.05786222 3.2120459
OS 15.887954 3.04213768
OS 15.79600092 2.82014168
OS 15.79600092 2.57985768
OS 15.887954 2.35786168
OS 16.05786222 2.18795346
OS 16.27985822 2.09600038
OS 16.52014222 2.09600038
OS 16.74213822 2.18795346
OS 16.91204644 2.35786168
OS 17.00399952 2.57985768
OS 17.00399952 2.82014168
OS 16.91204644 3.04213768
OS 16.74213822 3.2120459
OS 16.52014222 3.30399898
OE
OB 36.92014206 3.00399958 H
OS 36.67985806 3.00399958
OS 36.45786206 2.9120465
OS 36.28795384 2.74213828
OS 36.19600076 2.52014228
OS 36.19600076 2.27985828
OS 36.28795384 2.05786228
OS 36.45786206 1.88795406
OS 36.67985806 1.79600098
OS 36.92014206 1.79600098
OS 37.14213806 1.88795406
OS 37.31204628 2.05786228
OS 37.40399936 2.27985828
OS 37.40399936 2.52014228
OS 37.31204628 2.74213828
OS 37.14213806 2.9120465
OS 36.92014206 3.00399958
OE
SE
